time_o,mag,oflux,nflux,enflux,lc_part,time
1600.20022001192,12.439919534895221,1.0001715792343413,0.999045989684166,0.0008470435972855603,0.0,3.3958208349176857
1600.2418865231546,12.439063880825367,1.000960111651098,0.9999341371323903,0.0008452854319695661,0.0,3.4374873461522384
1600.2835530335724,12.438580901844212,1.0014054778791683,1.0004783014443124,0.000844074915055713,0.0,3.479153856570065
1600.3043862884324,12.4377537344851,1.0021686886225645,1.001289988260669,0.0008431371015184227,0.0,3.499987111430073
1600.3252195431764,12.439724161198358,1.0003515721280916,0.9995232388918038,0.0008438102139818158,0.0,3.520820366174121
1600.3460527975715,12.439853954539613,1.0002319931622465,0.9994522083723492,0.0008429150236464904,0.0,3.54165362056915
1600.387719305779,12.4385069828432,1.001473657803605,1.0007889713785476,0.000840238097255044,0.0,3.583320128776677
1600.4293858130536,12.440751298966955,0.9994056581864321,0.9988169927990704,0.000840589716766693,0.0,3.6249866360512897
1600.4502190664005,12.439865066469808,1.0002217563743756,0.9996794819727636,0.0008396720863980484,0.0,3.645819889398126
1600.4918855723959,12.438537814831031,1.0014452190492553,1.0009952022502437,0.000838126196628184,0.0,3.6874863953935346
1600.5127188250449,12.438886899915675,1.0011232868951478,1.0007193940402257,0.0008382604214113468,0.0,3.7083196480425613
1600.5335520773444,12.440777224644176,0.9993817942321428,0.9990241943605634,0.0008392448324254269,0.0,3.7291529003421147
1600.5752185814754,12.43872790296722,1.001269903727558,1.0010020569749252,0.0008382043350072156,0.0,3.770819404473059
1600.596051833193,12.44083006533207,0.9993331574304648,0.999110496531518,0.0008395188388806824,0.0,3.791652656190763
1600.616885084677,12.440833197492402,0.9993302745320716,0.9991519772084456,0.0008399313552944525,0.0,3.812485907674727
1600.6377183359275,12.439698601174026,1.0003751223342854,1.00024074400325,0.000839736841908619,0.0,3.8333191589251783
1600.65855158683,12.437751806772283,1.002170467963746,1.002079729551178,0.0008384100250119479,0.0,3.8541524098277478
1600.6793848376165,12.437915624406045,1.0020192702702055,1.001972117689443,0.0008389514308815196,0.0,3.8749856606141293
1600.7002180881695,12.44149972173086,0.9987169824272819,0.9987131134890213,0.0008414689459141958,0.0,3.8958189111672255
1600.721051338489,12.439920737366498,1.0001704715279534,1.000209488364131,0.0008404750379042717,0.0,3.9166521614865815
1600.74188458846,12.440748689015862,0.9994080606144004,0.9994896080100271,0.0008405284802869132,0.0,3.937485411457601
1600.7835510878185,12.44030998121459,0.9998119678467333,0.9999778119372966,0.0008400996367822867,0.0,3.9791519108161992
1600.8043843370915,12.438393539736659,1.0015783022078832,1.0017862013383085,0.0008386594536744222,0.0,3.9999851600891816
1600.825217586131,12.4389797837048,1.001037645330974,1.001286877076135,0.0008385410296591218,0.0,4.020818409128651
1600.8460508350536,12.444950860387838,0.9955474844548863,0.9958362749421613,0.0008411666260025874,0.0,4.041651658051251
1600.8668840836265,12.438915631157492,1.0010967950690997,1.0014280565858094,0.000837890779362811,0.0,4.0624849066241495
1600.887717331852,12.440334790599799,0.999789122116118,1.0001604677735754,0.0008380293166802587,0.0,4.083318154849621
1600.9085505799603,12.439455765017987,1.000598891622684,1.0010107974321638,0.0008376075776004177,0.0,4.104151402957996
1600.9293838278354,12.440762659721502,0.9993952008184975,0.999846533379855,0.0008376562814023023,0.0,4.124984650833085
1600.9502170753615,12.440374615965847,0.9997524500061338,1.0002435925192286,0.000837752354708055,0.0,4.145817898359155
1600.9710503227716,12.44128315015298,0.9989162161686438,0.9994462767703411,0.0008375519091473242,0.0,4.166651145769265
1600.9918835698313,12.439272785630177,1.0007675370088402,1.0013376958360793,0.0008361821764068744,0.0,4.187484392828992
1601.0127168166584,12.440957937330293,0.9992154684352372,0.9998235137563538,0.0008367632681507118,0.0,4.208317639656116
1601.0335500632534,12.440050630143682,1.0000508226217855,1.0006978957146864,0.0008361798718650761,0.0,4.229150886251091
1601.0543833094985,12.442472952912077,0.9978221545657728,0.9985059373066428,0.0008370143761091563,0.0,4.249984132496138
1601.0752165556269,12.442200130579607,0.9980729174783795,0.9987947523928613,0.0008367892770855616,0.0,4.2708173786245425
1601.0960498014074,12.443096330121184,0.9972494177862818,0.9980082265736168,0.000837138082004838,0.0,4.291650624405065
1601.1168830469546,12.43953643960326,1.000524545845774,1.0013232600341178,0.0008343191346485384,0.0,4.3124838699523025
1601.1377162922681,12.441095905748487,0.9990885025864547,0.999923152057654,0.0008348504126781035,0.0,4.3333171152658
1601.1585495373497,12.43885210810192,1.0011553678489422,1.0020286248597892,0.0008333777956182718,0.0,4.354150360347376
1601.1793827820825,12.440516012565235,0.9996222596416576,1.0005307277271382,0.0008342139938473862,0.0,4.3749836050801605
1601.2002160265815,12.441966240486035,0.9982879462419797,0.9992314267649811,0.0008351842681352394,0.0,4.395816849579205
1601.2210492709635,12.442628609933175,0.9976791116328757,0.9986579463479958,0.0008355726506895452,0.0,4.416650093961152
1601.2418825148811,12.441307704956792,0.9988936251246654,0.999909352230081,0.0008347339054482772,0.0,4.437483337878803
1601.2627157586821,12.44067162428368,0.9994790003579942,1.0005307727939985,0.0008339902526446548,0.0,4.45831658167981
1601.283549002133,12.442273960663147,0.9980050508076118,0.9990903998323274,0.0008344898059114811,0.0,4.479149825130662
1601.3043822453515,12.443161669226033,0.9971894055813,0.9983086975939665,0.0008346420324625201,0.0,4.499983068349138
1601.3252154883376,12.441773305941563,0.9984653570560866,0.9996206877473649,0.0008334033595806546,0.0,4.520816311335238
1601.34604873109,12.441429297304456,0.9987817646012744,0.9999718117407453,0.0008328013621976834,0.0,4.5416495540875985
1601.3668819734935,12.440824475844593,0.9993383021189467,1.000563115664534,0.0008321102716642782,0.0,4.562482796491167
1601.3877152156645,12.442181119923369,0.9980903933506621,0.9993474732966366,0.0008327020339033631,0.0,4.583316038662133
1601.4085484576026,12.440343104076575,0.9997814667650393,1.0010742655908116,0.0008312669245068833,0.0,4.604149280600268
1601.429381699191,12.442231377028396,0.9980441943084083,0.9993680147716202,0.0008316432621419315,0.0,4.624982522188702
1601.4502149405466,12.44227578050107,0.9980033780201457,0.9993601495313951,0.000831676445601766,0.0,4.645815763544306
1601.4710481816705,12.44269446359191,0.9976186007767346,0.9990075812819998,0.0008315069200601267,0.0,4.666649004668216
1601.49188142256,12.442646987871171,0.9976622243543662,0.9990837399413682,0.0008312496342235602,0.0,4.687482245557703
1601.5127146631005,12.444039177591382,0.9963837876737809,0.9978356565353891,0.0008320414304028197,0.0,4.708315486098172
1601.5335479034095,12.44243890128606,0.9978534494599712,0.9993394249990857,0.0008313318301187874,0.0,4.729148726407175
1601.5543811434854,12.441302543557882,0.9988983737005146,1.0004176476781939,0.0008302512203903064,0.0,4.749981966483119
1601.575214383212,12.443227087591596,0.9971293241954604,0.9986773389455161,0.0008319965677461489,0.0,4.7708152062095905
1601.596047622705,12.440688334612169,0.9994636177136492,1.0010465071115382,0.0008301470724504538,0.0,4.791648445702776
1601.6168808619655,12.442511978437803,0.9977862896529471,0.9993974681005203,0.0008310912128231671,0.0,4.812481684963132
1601.637714100877,12.439884799511454,1.0002035777061806,1.001849427676356,0.0008297640182653548,0.0,4.8333149238746955
1601.6585473395544,12.441993240540807,0.9982631211565071,0.9999362359368269,0.0008312490931946684,0.0,4.854148162552065
1601.6793805780005,12.440336965036668,0.9997871198100875,1.001493043186182,0.0008307647567727562,0.0,4.874981400998195
1601.7002138160974,12.442748932763838,0.9975685535407489,0.9993006303002253,0.0008317007297798819,0.0,4.895814639095079
1601.7210470539603,12.441730908061022,0.9985043477808181,1.000267768861244,0.0008311719229387847,0.0,4.916647876957995
1601.7418802914744,12.441998140434148,0.9982586160366064,1.0000510689920918,0.0008315661787035986,0.0,4.937481114472121
1601.7627135287555,12.440225563466806,0.9998897078681476,1.001714358021343,0.0008305307400688104,0.0,4.958314351753188
1601.783546765804,12.442617394295173,0.9976894176957138,0.9995390126584326,0.0008314437974754374,0.0,4.979147588801652
1601.8043800026194,12.443056889996052,0.9972856442251145,0.9991631961594775,0.0008315128022044173,0.0,4.999980825617058
1601.8252132390865,12.442253496849974,0.9980238612528044,0.9999312879098081,0.0008308410873211254,0.0,5.020814062084128
1601.846046475204,12.442237741031278,0.9980383443261693,0.9999740431475592,0.0008306986385064107,0.0,5.041647298201724
1601.8668797112045,12.44196783042202,0.9982864843649997,1.00025067629102,0.0008303891916909437,0.0,5.062480534202223
1601.8877129467392,12.442307436325756,0.9979742805660154,0.9999656226717376,0.000830013496933359,0.0,5.083313769736833
1601.9085461821585,12.440975727183336,0.9991990963637947,1.0012204432178944,0.0008292971441105745,0.0,5.104147005156165
1601.929379417227,12.443254141880063,0.9971044781157599,0.9991488545236982,0.0008306679171196348,0.0,5.124980240224659
1601.9502126520636,12.442401027258365,0.9978882584570282,0.9999612948900926,0.0008296511436274627,0.0,5.145813475061232
1601.9710458865516,12.442744550294332,0.9975725801381592,0.9996717712053551,0.0008300225443620253,0.0,5.166646709549241
1601.9918791208065,12.442402045759529,0.9978873223641985,1.000013761575637,0.0008294879643466875,0.0,5.187479943804192
1602.0127123547115,12.441496157877364,0.9987202606516218,1.0008748507070033,0.0008289971409867818,0.0,5.208313177709215
1602.0335455883835,12.439483293291563,1.0005735222827685,1.002758303840831,0.0008275717724299289,0.0,5.22914641138118
1602.054378821707,12.442712935299411,0.997601628364691,0.999805806612453,0.000829413249050675,0.0,5.249979644704581
1602.075212054797,12.439669970423791,1.0004015024695185,1.002637596304528,0.0008273624661938831,0.0,5.270812877794697
1602.0960452876545,12.441539029788487,0.9986808254732334,1.0009385306725964,0.0008283265934937617,0.0,5.291646110652209
1602.1168785201635,12.443864702461399,0.9965439169565835,0.9988219680445142,0.0008291576682539943,0.0,5.312479343161158
1602.137711752439,12.444492149160359,0.9959681808348062,0.9982698531755855,0.0008296951851490561,0.0,5.333312575436594
1602.158544984365,12.443268956622614,0.997090872835495,0.9994198811124365,0.0008288045598784492,0.0,5.354145807362784
1602.1793782160585,12.44316828355826,0.9971833306969012,0.9995370757320902,0.0008286272164129162,0.0,5.374979039056143
1602.2002114474026,12.44216144728636,0.998108478082305,1.0004887283227182,0.000827979328566593,0.0,5.395812270400256
1602.2210446785134,12.443499034905527,0.9968796017646552,0.9992809922605547,0.000828809701903053,0.0,5.416645501511084
1602.2418779092754,12.443005225132783,0.9973331012889441,0.9997594463666164,0.0008285708732107896,0.0,5.437478732273121
1602.262711139805,12.442576002228627,0.9977274538354137,1.000178411252165,0.0008280166815523313,0.0,5.458311962802782
1602.2835443701015,12.443015709550924,0.9973234705823996,0.9997968615129291,0.0008283557853344535,0.0,5.479145193099157
1602.304377599932,12.444303430955244,0.9961413109768652,0.9986349522043074,0.0008288538721035727,0.0,5.499978422929644
1602.3252108296465,12.442521091455824,0.9977779148688698,1.0002986578157536,0.0008280330685377844,0.0,5.52081165264417
1602.346044059012,12.443462929812071,0.9969127525700525,0.9994540806556966,0.0008283597132819325,0.0,5.5416448820096775
1602.3668772880285,12.44458982518926,0.9958785846321344,0.99843981093094,0.0008287301554253963,0.0,5.5624781110261665
1602.387710516811,12.443476668322209,0.9969001380793102,0.9994863374838617,0.0008279712257740737,0.0,5.583311339808688
1602.4085437452445,12.442068169261834,0.9981942314965193,1.0008059519449286,0.0008272628195960026,0.0,5.604144568242191
1602.4293769734454,12.443691527699364,0.9967028782388858,0.9993326178778558,0.0008279457974766426,0.0,5.6249777964430905
1602.4502102014135,12.442663392440952,0.9976471506229527,1.0003011150039052,0.0008273671089358932,0.0,5.6458110244111595
1602.4710434289154,12.442519871356506,0.9977790361254272,1.0004548800378683,0.0008269775039141174,0.0,5.666644251913112
1602.4918766563019,12.442512026682891,0.9977862453159468,1.000483430961746,0.000826972350437497,0.0,5.6874774792995595
1602.5127098832224,12.44261224866648,0.9976941460555473,1.0004121978472584,0.0008267380061646789,0.0,5.708310706220118
1602.5335431100266,12.44245858037907,0.9978353634158701,1.0005747138854884,0.0008266914581610745,0.0,5.729143933024261
1602.554376336364,12.443650707690495,0.9967403516002594,0.9994973840104299,0.000827378735735732,0.0,5.749977159361606
1602.5752095624684,12.442564537818065,0.9977379890073111,1.0005182877112129,0.0008268041285272681,0.0,5.77081038546612
1602.596042788341,12.441756142877157,0.9984811406880624,1.001283831341417,0.0008260372184655344,0.0,5.7916436113387135
1602.6168760138644,12.44257784297956,0.9977257622954461,1.0005464386380671,0.0008265787031471173,0.0,5.812476836862061
1602.6377092390385,12.443564990394687,0.9968190459091295,0.9996570481725873,0.0008271682051351057,0.0,5.833310062036162
1602.6585424639804,12.44182287278493,0.998419775407371,1.0012820586270634,0.0008260992682665922,0.0,5.854143286978115
1602.679375688572,12.441132857252537,0.9990545005936382,1.0019381429249474,0.0008257912515740762,0.0,5.874976511569685
1602.7002089129314,12.443439830132967,0.9969339627033738,0.9998307872553999,0.0008268095356618188,0.0,5.895809735929106
1602.7210421369414,12.4431915110706,0.9971619978535624,1.0000785982777618,0.0008270967033494738,0.0,5.916642959939054
1602.7418753607185,12.442703499866802,0.9976102979142522,1.0005471384676687,0.0008267916946009778,0.0,5.937476183716171
1602.762708584146,12.442579484924192,0.9977242534489945,1.0006801685644482,0.0008262572494954667,0.0,5.958309407143588
1602.7835418072254,12.443508810895882,0.9968706258813275,0.9998425444216048,0.0008270837507758744,0.0,5.979142630223123
1602.8043750300715,12.444114666063228,0.9963145140560582,0.999303107434967,0.0008272742978052308,0.0,5.999975853069145
1602.8252082525673,12.44227982178565,0.997999663298154,1.0010114866358006,0.0008257419248646742,0.0,6.020809075565012
1602.846041474831,12.444307096038804,0.9961379483414833,0.99916210740317,0.0008271821624559216,0.0,6.04164229782873
1602.8668746966296,12.443719469238676,0.9966772283119691,0.9997208022539307,0.0008264050774850727,0.0,6.062475519627242
1602.887707918311,12.442092927631421,0.9981714696324322,1.0012372256610305,0.0008255904038585839,0.0,6.083308741308656
1602.9085411396431,12.442411398764794,0.997878726164552,1.000961012887,0.0008253162058242832,0.0,6.104141962640824
1602.9293743606265,12.442272128725865,0.9980067347195941,1.0011066659289336,0.0008252381757318664,0.0,6.124975183624201
1602.95020758126,12.44259823387047,0.9977070244786108,1.0008230867686974,0.0008253523342594879,0.0,6.14580840425765
1602.9710408016604,12.442496969799729,0.9978000826136479,1.0009333184980367,0.0008253251326313614,0.0,6.166641624658041
1602.9918740217115,12.441146623847104,0.9990418331602369,1.0021956924671296,0.0008242468099279802,0.0,6.187474844709186
1603.0127072415314,12.444404032458557,0.9960490153802484,0.9992099225530849,0.000826207384524144,0.0,6.208308064529092
1603.033540461001,12.439752539878707,1.0003254255499685,1.0035162925906316,0.000823166103988195,0.0,6.229141283998615
1603.0543736801214,12.444217570663081,0.9962200891971534,0.9994140066518749,0.0008256959212379252,0.0,6.24997450311912
1603.116873335737,12.444613568849899,0.9958568062807279,0.9990969344996576,0.0008254357109254756,0.0,6.312474158734631
1603.1377065535764,12.444895073332507,0.9955986387677085,0.9988533705425322,0.0008257683443910023,0.0,6.333307376574112
1603.1585397711845,12.442053060312574,0.998208122320891,1.0014866981709742,0.0008241101241228507,0.0,6.354140594182127
1603.179372988558,12.44344020397493,0.9969336194379613,1.0002231337458964,0.0008251055747401377,0.0,6.374973811555719
1603.200206205466,12.444573481120834,0.9958935761468035,0.9991945993461927,0.0008254345100251358,0.0,6.395807028463651
1603.2210394221415,12.44529384215281,0.9952330427837727,0.9985466405516764,0.0008257377504221343,0.0,6.416640245139206
1603.2418726384685,12.445469798290393,0.9950717668013525,0.9983994235814699,0.0008259949362969614,0.0,6.4374734614661975
1603.262705854562,12.444611064873268,0.9958591029758516,0.9992038356207216,0.0008254543673220838,0.0,6.458306677559676
1603.2835390703065,12.443486798570792,0.9968908367416065,1.0002533287671134,0.0008247302054145785,0.0,6.479139893304136
1603.3043722857014,12.443471973242561,0.9969044490119732,1.0002811187177458,0.0008246945425942351,0.0,6.499973108699123
1603.325205500747,12.44335513828727,0.9970117306456052,1.0004027356270215,0.0008247536692892458,0.0,6.520806323744637
1603.3460387155606,12.442521443952387,0.9977775909290149,1.0011850228392785,0.0008242661157248218,0.0,6.541639538558229
1603.3877051441395,12.443585442904773,0.9968002685491428,1.0002315037601683,0.0008248023529555604,0.0,6.583305967137221
1603.408538358021,12.4457955169947,0.9947732920214613,0.9982108573035462,0.0008260299369105641,0.0,6.604139181018581
1603.429371571553,12.445148524537782,0.9953662561466953,0.998819030235207,0.0008260018470831662,0.0,6.624972394550696
1603.4502047847354,12.444278889281735,0.9961638277272648,0.9996323842729787,0.00082528906475221,0.0,6.645805607733109
1603.47103799757,12.446414785330239,0.9942060677275939,0.997680644584921,0.0008261133329833931,0.0,6.666638820567641
1603.4918712101705,12.445732597324342,0.9948309419561141,0.9983203956843746,0.000826125895680923,0.0,6.687472033168206
1603.5127044224234,12.444092082569224,0.9963352377795232,0.9998425290445815,0.0008251624936766461,0.0,6.708305245421116
1603.5335376343264,12.446511043479957,0.9941179282753347,0.997629797536455,0.0008265732045580268,0.0,6.7291384573240975
1603.55437084588,12.442932804888187,0.9973996271316886,1.0009353646617711,0.0008243488950014029,0.0,6.749971668877606
1603.5960372814434,12.445176965705821,0.9953401825866113,0.9988926773105737,0.0008256444367936261,0.0,6.791638104441063
1603.6168704920647,12.441514789329531,0.9987031225576436,1.0022794701663869,0.000823813601980778,0.0,6.812471315062339
1603.6377037024524,12.446319313208576,0.9942934951667994,0.9978657056600628,0.0008263563160319479,0.0,6.833304525450103
1603.658536912377,12.445273111128486,0.9952520459240402,0.9988392220219084,0.0008257529760587157,0.0,6.854137735374707
1603.6793701220686,12.444064204786422,0.9963608203969457,0.9999633853153951,0.0008253379450130957,0.0,6.874970945066252
1603.70020333141,12.444789398733668,0.9956955450019088,0.9993069484393934,0.0008257637628776781,0.0,6.895804154407642
1603.7210365404014,12.444250825097908,0.9961895769709344,0.9998138819653726,0.0008252932254036992,0.0,6.916637363399104
1603.7418697491614,12.444983887526046,0.9955172012386397,0.9991500235391158,0.0008256918965028829,0.0,6.9374705721591
1603.7627029574555,12.446678276872694,0.9939648184220109,0.9976027849203702,0.0008264939095489837,0.0,6.958303780453207
1603.783536165515,12.44244444438136,0.9978483550524883,1.0015112501894923,0.0008241847617700603,0.0,6.979136988512664
1603.804369373227,12.44499549238978,0.9955065607352884,0.9991714139059205,0.000825781521735396,0.0,6.9999701962246945
1603.82520258059,12.446312653422288,0.9942995940722845,0.9979704114527169,0.0008262371207556169,0.0,7.020803403587706
1603.846035787603,12.442597522083602,0.9977076785555303,1.0014013879996133,0.0008242702052667733,0.0,7.041636610600563
1603.8668689943836,12.44555966327581,0.994989409402892,0.998683205322324,0.0008261345664340614,0.0,7.06246981738127
1603.887702200815,12.444842691609367,0.9956466729311386,0.9993529348794759,0.0008255199555373134,0.0,7.083303023812732
1603.9085354068966,12.444892141654078,0.9956013270625098,0.9993173161871522,0.0008257625277214451,0.0,7.104136229894266
1603.929368612628,12.445729162331618,0.9948340893527261,0.9985569747947273,0.0008264923214631593,0.0,7.124969435625644
1603.9502018180115,12.444291932332497,0.99615186078974,0.9998893230519413,0.0008251540381711461,0.0,7.145802641009141
1603.9710350230466,12.444842925840106,0.9956464581358406,0.9993915385594478,0.0008256031757965553,0.0,7.166635846044301
1603.9918682278476,12.443465219458272,0.9969106502407029,1.0006698870715995,0.0008249288895330467,0.0,7.187469050845266
1604.012701432183,12.442865192308586,0.9974617406185494,1.0012323377708414,0.0008245563817797191,0.0,7.20830225518057
1604.0335346362865,12.444972555984485,0.9955275912425449,0.9993000183842543,0.0008257475223192475,0.0,7.22913545928418
1604.05436784004,12.444238597746766,0.9962007959284467,0.9999847999948471,0.0008252722879828405,0.0,7.2499686630376345
1604.075201043443,12.4468769944681,0.9937829139930975,0.9975666175388961,0.0008274422369188146,0.0,7.270801866440706
1604.0960342464984,12.444153157008278,0.9962791938675204,1.0000811881755143,0.000825004479994869,0.0,7.291635069496124
1604.1168674492046,12.443950367865565,0.9964652919929154,1.000276666243932,0.0008252801746446413,0.0,7.312468272202295
1604.1377006516775,12.444962859753952,0.99553648189949,0.9993528481080731,0.0008259471151502445,0.0,7.3333014746751815
1604.1585338536845,12.444409919405109,0.996043614739288,0.9998703578672485,0.0008252892846207779,0.0,7.354134676682179
1604.1793670554596,12.44461052960579,0.9958595939340772,0.9996939464398907,0.0008256400236867113,0.0,7.374967878457255
1604.2002002567679,12.443546397441951,0.9968361163245957,1.000682439377073,0.0008250079756631786,0.0,7.395801079765533
1604.2210334578426,12.444586089269853,0.9958820113655485,0.9997327431534356,0.0008253923623713796,0.0,7.416634280840299
1604.2418666585704,12.443309941745776,0.9970532346681938,1.0009164832431632,0.0008255539159730921,0.0,7.437467481568092
1604.2626998589485,12.445193782576492,0.9953247659712104,0.9991891812049288,0.0008257145618942869,0.0,7.458300681946184
1604.283533058976,12.443510044824809,0.9968694929479337,1.0007476725319067,0.00082518755928154,0.0,7.479133881973667
1604.3043662586556,12.443760880694818,0.9966392144113211,1.000524154934453,0.0008255070102528004,0.0,7.499967081653267
1604.325199457985,12.44437110199686,0.996079226080814,0.9999695293169477,0.0008251771448210129,0.0,7.520800280982712
1604.3460326569643,12.445218594109832,0.9953020208040751,0.9991967225130052,0.0008259207214382635,0.0,7.541633479962002
1604.3668658557121,12.44464426333264,0.9958286531461609,0.9997327487889209,0.0008257549153458344,0.0,7.562466678709825
1604.3876990539945,12.444964940179322,0.9955345743114764,0.9994447445286243,0.0008259017380474727,0.0,7.583299876992214
1604.4085322519281,12.443722706023635,0.9966742570330901,1.0005960368783056,0.0008251309884762882,0.0,7.604133074925812
1604.429365449628,12.44324948983877,0.9971087504068765,1.0010392749289332,0.0008249526619447921,0.0,7.62496627262567
1604.4501986468615,12.444359546068492,0.996089827810212,1.0000232634954063,0.0008255375777159326,0.0,7.645799469859185
1604.4710318438624,12.443472620454166,0.9969038547535024,1.0008473391548716,0.0008247422684802248,0.0,7.666632666860096
1604.4918650403984,12.444481848723875,0.9959776296821472,0.9999241802035285,0.0008260949028438336,0.0,7.687465863396028
1604.5126982365846,12.442701722688522,0.9976119308457101,1.0015716013761624,0.0008245988966680231,0.0,7.708299059582259
1604.533531432539,12.443373875589357,0.996994524671721,1.0009582889970654,0.0008250442804086005,0.0,7.72913225553657
1604.554364628027,12.444999988563941,0.9955024382222979,0.9994667105692904,0.0008259459465835651,0.0,7.749965451024764
1604.5751978232815,12.44517831553804,0.9953389451392406,0.9993089122594334,0.0008260846835289187,0.0,7.770798646279218
1604.596031018071,12.445701482604228,0.9948594519475121,0.9988337573116336,0.0008260960283461415,0.0,7.791631841068693
1604.6168642126286,12.444026473007222,0.9963954467818512,1.0003820574292313,0.0008254350374777234,0.0,7.812465035626246
1604.6376974067189,12.444565046547037,0.9959013128055373,0.9998920227059794,0.0008256876291653536,0.0,7.833298229716547
1604.6585306005763,12.44478013167625,0.9957040435737754,0.9996999493407618,0.0008257772019640355,0.0,7.854131423574017
1604.679363793969,12.44537847845508,0.9951554644905775,0.9991550642363045,0.0008262696359744111,0.0,7.874964616966736
1604.700196987013,12.444930172134455,0.9955664543803147,0.9995735173895951,0.0008257799098138326,0.0,7.895797810010663
1604.721030179823,12.443413563206477,0.9969580815526489,1.000976479893327,0.0008248274987887285,0.0,7.916631002820623
1604.7418633721682,12.445106060745001,0.9954051862779832,0.9994229664811588,0.0008262588069868737,0.0,7.9374641951658305
1604.762696564164,12.442892804265455,0.9974363739408743,1.0014679220229854,0.0008254918105643131,0.0,7.958297387161565
1604.783529755809,12.443218322220691,0.9971373742573547,1.0011731994818391,0.0008247029263148143,0.0,7.979130578806689
1604.804362947106,12.446488594014472,0.9941384835877106,0.9981675595932168,0.0008265590965303628,0.0,7.9999637701037045
1604.8251961380545,12.442973955286481,0.9973618254870968,1.0014092913365726,0.000824627947799221,0.0,8.020796961052156
1604.8460293286535,12.444774311868182,0.9957093808020369,0.9997553796452235,0.0008254877259138389,0.0,8.041630151651134
1604.866862518902,12.443070015689793,0.9972735879017114,1.001331112423266,0.0008247520848959319,0.0,8.06246334189973
1604.8876957088014,12.442747284428133,0.9975700680238301,1.0016338936169558,0.0008250567536473118,0.0,8.083296531799078
1604.9085288982365,12.444316736935926,0.9961291030798071,1.0001920708892276,0.0008252713314313804,0.0,8.10412972123413
1604.929362087438,12.444249104956757,0.9961911552438465,1.0002593147961965,0.0008256425323962554,0.0,8.12496291043567
1604.950195276173,12.445638264058555,0.9949173807505624,0.9989851981458959,0.0008262586547207581,0.0,8.145796099170639
1604.9710284646765,12.446317812310426,0.994294869657485,0.9983649268538756,0.0008268353410000419,0.0,8.16662928767414
1604.9918616527145,12.445282408332172,0.9952435235764092,0.9993221830139201,0.0008263899407768605,0.0,8.18746247571221
1605.012694840402,12.444611556031893,0.9958586524753755,0.9999444853757418,0.0008256130006428605,0.0,8.208295663399667
1605.0335280277416,12.445019255746733,0.9954847724604163,0.9995736539400545,0.000825987474325559,0.0,8.229128850739244
1605.0543612146143,12.443641363063133,0.996748930302161,1.0008475254397533,0.0008252520546797869,0.0,8.249962037612022
1605.075194401254,12.442903337954078,0.9974266969740634,1.0015325372533201,0.0008250620095949464,0.0,8.270795224251742
1605.0960275874286,12.445374452679827,0.9951591544105137,0.9992600437534213,0.0008262629530046313,0.0,8.291628410426256
1605.116860773255,12.443990804011172,0.9964281812609073,1.0005386251355635,0.0008252591368501541,0.0,8.31246159625266
1605.1376939588476,12.446958484797573,0.9937083280506958,0.9978118029385142,0.000827111935439311,0.0,8.333294781845325
1605.1585271438576,12.444675159455501,0.9958003158700123,0.9999166278958711,0.0008258804910422394,0.0,8.35412796685523
1605.1793603286355,12.442944571632246,0.9973888178002048,1.0015158408753633,0.0008251841476195471,0.0,8.374961151633215
1605.2001935130645,12.443235064951649,0.9971219978943014,1.001252001289838,0.000824942183920201,0.0,8.395794336062181
1605.2210266970264,12.444693445540862,0.9957835446357488,0.9999120251948167,0.0008258061210368033,0.0,8.416627520024122
1605.2418598806396,12.44366183321198,0.9967301380701843,1.0008665109218164,0.0008252520136689827,0.0,8.43746070363727
1605.2626930639044,12.44365546618293,0.996735983162505,1.0008762923268475,0.0008252342763916462,0.0,8.458293886902084
1605.2835262467036,12.44307085956411,0.9972728127841115,1.001419211376937,0.000824970822812921,0.0,8.479127069701235
1605.3043594292699,12.442560121915102,0.9977420470124511,1.001894204300909,0.0008247680120791268,0.0,8.499960252267556
1605.325192611369,12.44429355478386,0.9961503722083267,1.0002996550251626,0.0008256011932474375,0.0,8.520793434366624
1605.3460257931201,12.445053470614877,0.9954534021851935,0.9996034775064738,0.0008261997384024521,0.0,8.54162661611781
1605.3668589745216,12.443094269793912,0.9972513102000329,1.0014125332286885,0.0008250336413722764,0.0,8.562459797519296
1605.3876921554574,12.444004260151022,0.9964158320421815,1.0005771690673166,0.0008252171667193132,0.0,8.58329297845512
1605.4085253360445,12.44418173729786,0.9962529687375316,1.0004171774194868,0.0008256380201577378,0.0,8.604126159042153
1605.429358516282,12.443392945189444,0.9969770138621633,1.0011477567504783,0.0008252968543653179,0.0,8.624959339279712
1605.450191696054,12.44471847841394,0.9957605859873996,0.9999296981191999,0.0008260962237253362,0.0,8.64579251905161
1605.4710248755919,12.444365391279725,0.9960844652371024,1.0002583482576815,0.0008257023259184536,0.0,8.666625698589542
1605.4918580546655,12.442371548251337,0.9979153526574492,1.0021002854044978,0.0008242244747180084,0.0,8.687458877663175
1605.512691233273,12.443017014517558,0.9973222718814022,1.0015080511567203,0.0008250561658076936,0.0,8.708292056270693
1605.5335244115315,12.44227434703898,0.9980046956523159,1.0021966341295265,0.0008242353647998004,0.0,8.729125234529192
1605.554357589441,12.444951059480873,0.9955473018999044,0.9997321656646556,0.0008260825143007557,0.0,8.749958412438673
1605.575190767001,12.444245446128093,0.9961945123197921,1.000385307306858,0.0008254836537922107,0.0,8.77079158999868
1605.5960239440951,12.443120003329678,0.9972276741657669,1.001425991867877,0.0008248689696429616,0.0,8.791624767092799
1605.6168571208405,12.442771292132694,0.9975480100850921,1.0017508174667435,0.0008247092114088146,0.0,8.812457943838126
1605.637690297236,12.442131751591253,0.9981357774670485,1.0023441687738943,0.0008241873179471622,0.0,8.833291120233753
1605.6585234731656,12.444095388100948,0.9963322044343064,1.000536059326191,0.0008256988684025864,0.0,8.854124296163263
1605.6793566487465,12.444108851270784,0.9963198499540395,1.0005266876893135,0.0008256849377395938,0.0,8.87495747174421
1605.7001898238625,12.444168031541349,0.9962655449846324,1.0004751564047667,0.000825714305690448,0.0,8.895790646860178
1605.7210229986285,12.44355990106959,0.9968237184511864,1.001038662362984,0.000825276478041608,0.0,8.916623821626217
1605.741856173045,12.444486418055366,0.995973438109322,1.0001877287518004,0.0008258671052223436,0.0,8.937456996042783
1605.7626893469956,12.443574342825546,0.9968104594394029,1.0010312078069694,0.0008252658053637754,0.0,8.958290169993234
1605.7835225205977,12.444512682732219,0.9959493451445713,1.0001693336900628,0.0008259547773708547,0.0,8.979123343595347
1605.804355693733,12.443266721119588,0.9970929258221671,1.0013206234433703,0.0008251342137928587,0.0,8.999956516730663
1605.8251888665195,12.443350559088564,0.9970159356490248,1.0012461451995425,0.0008251351303413049,0.0,9.020789689517187
1605.8460220388415,12.443994119914684,0.9964251381141046,1.000655653898719,0.0008253281004993666,0.0,9.041622861839187
1605.866855210814,12.443761680163409,0.9966384805484811,1.0008726929197667,0.0008255758604526267,0.0,9.062456033811713
1605.88768838232,12.444065253649448,0.9963598578744498,1.0005956550594193,0.0008253148713376621,0.0,9.08328920531767
1605.9085215534765,12.445659216511817,0.994898181097196,0.9991305083924188,0.0008265610535384791,0.0,9.104122376474152
1605.9293547242846,12.444529968165046,0.9959334892871438,1.0001729486054434,0.0008256124729043669,0.0,9.124955547282298
1605.950187894626,12.446935559715849,0.993729310205512,0.9979620904669704,0.0008269619631754172,0.0,9.145788717623645
1605.9710210645026,12.446143991738388,0.994454063702494,0.9986926197993111,0.0008268592504729517,0.0,9.166621887500241
1605.9918542340306,12.44599160300286,0.9945936503093586,0.9988354746458953,0.0008274431165947524,0.0,9.187455057028274
1606.0126874030925,12.445104660616767,0.9954064699192575,0.9996544216907206,0.0008258501740483994,0.0,9.20828822609019
1606.033520571804,12.444688077025571,0.9957884683846112,1.000040698742252,0.0008257968836347895,0.0,9.229121394801723
1606.0543537400508,12.445011194292373,0.9954921638367149,0.9997457640896721,0.0008258573227846479,0.0,9.249954563048504
1606.0751869079486,12.447931580812131,0.9928181114293833,0.9970629027649723,0.0008274917976760486,0.0,9.270787730946267
1606.0960200753793,12.445674546663053,0.9948841336408812,0.9991403705137621,0.000826720998577529,0.0,9.291620898377005
1606.1168532423455,12.446432395569424,0.9941899422041114,0.9984458107513715,0.0008266917580741609,0.0,9.312454065343218
1606.137686408963,12.445687401847284,0.9948723542205612,0.9991337395090157,0.0008259958747014773,0.0,9.33328723196064
1606.1585195752305,12.443451324946668,0.9969234081050621,1.0011961729486691,0.0008252030168932924,0.0,9.354120398228133
1606.1793527409159,12.445527572492388,0.9950188184447776,0.9992860040235416,0.000826115190466448,0.0,9.37495356391355
1606.2210190711226,12.44494185351569,0.9955557431885103,0.9998303895797713,0.0008258044229838318,0.0,9.416619894120231
1606.241852235644,12.445034328215664,0.9954709529809765,0.9997478104440003,0.0008260486256650671,0.0,9.437453058641722
1606.262685399699,12.445238412380071,0.9952838534220647,0.9995624807493722,0.0008260857671111949,0.0,9.458286222696643
1606.283518563289,12.445343172125531,0.995187825811774,0.9994686139983174,0.0008262563815723575,0.0,9.479119386286584
1606.3043517265305,12.445096044335301,0.9954143693853628,0.9996987075889902,0.0008257455993412851,0.0,9.499952549528189
1606.325184889306,12.444999788227237,0.9955026219093623,0.9997899182121343,0.0008261140701625233,0.0,9.520785712303677
1606.346018051615,12.444252467837673,0.9961880697180804,1.000480901624827,0.0008258237315284349,0.0,9.541618874612595
1606.3668512134586,12.444340447051896,0.9961073500254586,1.0004024222557417,0.0008256992958570345,0.0,9.562452036456307
1606.387684374953,12.443667137916798,0.9967252682443231,1.0010256005150844,0.000825425879487278,0.0,9.583285197950772
1606.408517535982,12.443652774505725,0.9967384541999789,1.001041446082198,0.0008252390372554735,0.0,9.604118358979576
1606.429350696545,12.44678865995608,0.9938637705580156,0.9981569556207377,0.0008273476315232378,0.0,9.62495151954272
1606.4501838566434,12.444885157780828,0.9956077311741229,0.9999110668678209,0.0008260275769072633,0.0,9.64578467964111
1606.4710170163912,12.446507126990515,0.9941215142839566,0.9984210498851679,0.0008270069524376131,0.0,9.666617839388891
1606.4918501755565,12.445501558593866,0.9950426590688152,0.9993488163952888,0.0008263529833318672,0.0,9.68745099855414
1606.5126833343745,12.44448723904566,0.995972684994325,1.000285520149342,0.0008257518274265705,0.0,9.70828415737219
1606.533516492725,12.444228544860799,0.996210019844277,1.0005265503004954,0.0008256994587734624,0.0,9.72911731572276
1606.5543496506104,12.446961945966391,0.993705160258388,0.998013513111237,0.00082704178183219,0.0,9.749950473608124
1606.5751828081475,12.444874680006697,0.9956173392200003,0.9999366797477847,0.0008261825023805991,0.0,9.77078363114515
1606.596015965102,12.44591530215201,0.9946635485111985,0.9989814629764211,0.0008265066771645609,0.0,9.791616788099645
1606.61684912159,12.446155768819494,0.9944432768257239,0.9987629647579219,0.0008266763623391062,0.0,9.81244994458757
1606.6376822777295,12.447118973375844,0.9935614534692365,0.9978800577360111,0.0008270255446780964,0.0,9.833283100727158
1606.6585154334034,12.445913482130827,0.9946652158685519,0.998991388314647,0.0008265877554103711,0.0,9.854116256401085
1606.679348588495,12.44566281949211,0.9948948795654088,0.9992248439552078,0.0008264206045065529,0.0,9.874949411492707
1606.700181743237,12.445867489139108,0.9947073518844747,0.9990393156265024,0.000826500178791462,0.0,9.89578256623463
1606.7210148973975,12.445998565559272,0.9945872722479457,0.9989215524014063,0.0008266023688491753,0.0,9.916615720395157
1606.7418480512094,12.444948069009676,0.9955500439652591,0.9998913870988092,0.0008261126364438341,0.0,9.93744887420712
1606.7626812045542,12.445305667611985,0.9952222031124296,0.9995650094916816,0.0008260821107394742,0.0,9.958282027551832
1606.7835143573166,12.44494257768413,0.9955550791691977,0.9999022594990384,0.0008258058374614024,0.0,9.979115180314238
1606.8043475097315,12.446536304871604,0.9940947987986928,0.9984385484845031,0.0008269331845813651,0.0,9.999948332729218
1606.8251806616795,12.444614928282224,0.9958555593856895,1.000209983665717,0.0008261496256684868,0.0,10.020781484677173
1606.8460138130454,12.4470278087257,0.9936448821001721,0.9979926453171002,0.000827162541973837,0.0,10.04161463604305
1606.8668469639474,12.445054494202044,0.9954524637133599,0.9998111789749172,0.0008261148821917338,0.0,10.062447786945086
1606.887680114382,12.447922339740426,0.9928265616794182,0.9971768470726889,0.0008277647444613074,0.0,10.08328093737964
1606.908513264351,12.446932041204521,0.9937325305581958,0.998089890787062,0.0008273667152366088,0.0,10.104114087348762
1606.929346413855,12.447390234735973,0.9933132521428534,0.9976719132829853,0.0008279234616651247,0.0,10.124947236852677
1606.950179562893,12.444095540995683,0.9963320641295649,1.0007071574486774,0.0008259629379341172,0.0,10.145780385890703
1606.971012711465,12.445306772624239,0.9952211902216686,0.9995946254035772,0.0008269709505288086,0.0,10.166613534462613
1606.991845859455,12.446544826756382,0.9940869962329774,0.9984587024620943,0.0008268909455605886,0.0,10.187446682452673
1607.0126790069794,12.446036091705475,0.994552897063404,0.9989299490617126,0.0008268956682783936,0.0,10.208279829977073
1607.0335121540395,12.445527080507487,0.9950192693225718,0.9994017134841202,0.0008265315976464743,0.0,10.229112977037175
1607.0543453005162,12.445393911215758,0.9951413193539357,0.9995276835308124,0.000826677783604414,0.0,10.249946123513837
1607.075178446643,12.44593289317488,0.9946474331717532,0.9990350447255155,0.0008267633374481324,0.0,10.27077926964057
1607.0960115921894,12.445295306588614,0.9952317004191052,0.9996253603097616,0.0008263052807042943,0.0,10.291612415187046
1607.1168447371524,12.445644202383026,0.9949119391653556,0.9993077031492484,0.0008266408642301096,0.0,10.312445560150081
1607.1376778817664,12.445138496923185,0.9953754491672901,0.9997768254270604,0.0008264318407727046,0.0,10.333278704764098
1607.1585110257984,12.443116842777275,0.9972305770761566,1.0016437756565888,0.0008253019905847685,0.0,10.354111848796038
1607.1793441692485,12.445639615346998,0.994916142494422,0.9993227587253818,0.000826498699778871,0.0,10.374944992246128
1607.2001773122333,12.445365879502093,0.9951670124058084,0.9995784511744824,0.0008262163081795926,0.0,10.395778135231012
1607.221010454752,12.443872429280258,0.9965368249144292,1.0009581040425422,0.0008258645136560559,0.0,10.41661127774978
1607.2418435966886,12.443812485655819,0.9965918453493728,1.0010171896616369,0.0008257011682351849,0.0,10.437444419686244
1607.26267673816,12.445760356573865,0.994805507226016,0.9992267874506772,0.0008267216535448443,0.0,10.458277561157729
1607.2835098790483,12.445219997107145,0.9953007346673959,0.9997281409005158,0.0008263204453361945,0.0,10.479110702046
1607.3043430194716,12.444455414432733,0.9960018789270568,1.0004363879788192,0.0008262061763559312,0.0,10.499943842469293
1607.325176159313,12.443615492941973,0.9967726803831544,1.0012146656464211,0.0008255181583722922,0.0,10.520776982310736
1607.346009298572,12.44472401631379,0.9957555070296269,1.000197058055863,0.0008262488545852633,0.0,10.541610121569647
1607.366842437365,12.444140214277231,0.9962910702795381,1.0007391706838378,0.000825902010939838,0.0,10.56244326036267
1607.387675575693,12.44627997122413,0.9943295243493735,0.9987730800550086,0.0008268875716242155,0.0,10.583276398690714
1607.4085087133235,12.44481959549471,0.9956678528588221,1.0001216698955486,0.0008263281566158974,0.0,10.604109536321175
1607.4293418504858,12.445401041355982,0.9951347841810091,0.9995905578370595,0.0008267243544287467,0.0,10.624942673483474
1607.4501749871836,12.445520665162086,0.9950251486615171,0.999484836209725,0.0008266290152298985,0.0,10.645775810181249
1607.4710081231835,12.444253303976447,0.9961873025417184,1.0006566741296206,0.0008260890747850959,0.0,10.666608946181213
1607.491841258717,12.445051723079224,0.9954550044083711,0.9999256289488119,0.0008263689123655903,0.0,10.687442081714607
1607.5126743936685,12.443977044987165,0.9964408086063692,1.0009204709212394,0.0008258707782087734,0.0,10.708275216666152
1607.533507528039,12.444475419712658,0.9959835272199481,1.0004658109187625,0.0008262846847285218,0.0,10.729108351036757
1607.5543406619431,12.443599951675676,0.9967869483245438,1.0012775985782978,0.0008253845889762076,0.0,10.749941484940791
1607.5751737951482,12.444196618013859,0.9962393145406542,1.0007323169472817,0.0008257876719153214,0.0,10.770774618145879
1607.5960069278876,12.444853346411692,0.9956369022645738,1.0001320763617367,0.0008260696709753703,0.0,10.791607750885305
1607.6168400599295,12.442434229921947,0.9978577427190553,1.0023679165510857,0.0008247986720247418,0.0,10.812440882927149
1607.6376731915052,12.443499117424514,0.9968795259990209,1.0013903210509836,0.0008254423986044429,0.0,10.833274014502877
1607.6585063224984,12.44594623542636,0.9946352103550234,0.9991409568084484,0.0008265763127220214,0.0,10.854107145496073
1607.67933945291,12.443683924956346,0.9967098575607026,1.0012301964616672,0.0008258827421397341,0.0,10.874940275907647
1607.7001725826235,12.44274422490596,0.9975728791044866,1.0021024087531907,0.0008249637575344254,0.0,10.895773405621185
1607.72100571187,12.444333700234129,0.9961135399043809,1.000641791424192,0.0008257378813631845,0.0,10.916606534867697
1607.7418388404185,12.445546579589017,0.9950013996157773,0.9995300176510024,0.0008264424936973234,0.0,10.937439663416171
1607.7626719685024,12.442494310546682,0.9978025264910358,1.0023494124499879,0.0008247389336153002,0.0,10.958272791500121
1607.783505095887,12.444195182233493,0.9962406319709725,1.0007859933716483,0.0008259973623094254,0.0,10.97910591888467
1607.8043382226895,12.442978034719818,0.9973580781095847,1.00191422070765,0.0008255909167566882,0.0,10.999939045687142
1607.8251713487934,12.442759639937801,0.9975587158957219,1.0021215439413667,0.0008254320757442134,0.0,11.020772171791123
1607.8460044744324,12.445329163230928,0.9952006664734763,0.9997585499403424,0.0008263122717756424,0.0,11.041605297430124
1607.866837599372,12.442681458599235,0.9976305503647096,1.0022055049392862,0.0008249067952643824,0.0,11.062438422369723
1607.8876707236125,12.444729134069327,0.9957508134206032,1.0003231674239075,0.0008261354556903594,0.0,11.083271546610149
1607.9085038473895,12.445468133822308,0.9950732922791438,0.999648639968983,0.0008262521089344468,0.0,11.104104670387187
1607.9293369704665,12.44282268362397,0.997500793950666,1.0020935135689941,0.0008252057568876637,0.0,11.124937793464142
1607.9501700928445,12.443272373752245,0.997087734703607,1.0016848519668227,0.0008250198505354835,0.0,11.14577091584215
1607.971003214642,12.445392366559398,0.9951427351236733,0.9997372647363323,0.0008264566587981412,0.0,11.166604037639672
1607.9918363357406,12.446592859000157,0.9940430194616693,0.9986389383072755,0.0008273999398635344,0.0,11.187437158738248
1608.0126694562564,12.445084310714003,0.9954251269508798,1.0000340065761768,0.0008265969043198582,0.0,11.208270279254066
1608.0335025760735,12.442993060326415,0.9973442756717947,1.001968720668264,0.0008255523065996765,0.0,11.229103399071164
1608.054335695193,12.44590559477342,0.9946724416647633,0.9992912570382886,0.0008265710906964923,0.0,11.24993651819068
1608.07516881373,12.444876124323631,0.9956160147859257,1.000246075578517,0.0008260335263825214,0.0,11.270769636727664
1608.0960019315685,12.445330401466897,0.9951995314900871,0.9998346161012994,0.0008268487258392986,0.0,11.291602754566156
1608.116835048709,12.446845738067083,0.9938115236353501,0.9984471951783304,0.000827249653982538,0.0,11.312435871706612
1608.1376681652675,12.44329181808174,0.9970698781296464,1.0017279250828302,0.0008253334524065678,0.0,11.333268988265218
1608.15850128101,12.444937129793846,0.9955600745708679,1.0002183369956748,0.0008262626769822214,0.0,11.35410210400778
1608.1793343960544,12.446415983867055,0.9942049702308792,0.9988642551502204,0.0008271315386757002,0.0,11.374935219052077
1608.2001675105175,12.444374720288042,0.99607590658326,1.000751441941266,0.0008260142157756627,0.0,11.395768333515207
1608.2210006241644,12.446352256730584,0.9942633266667839,0.9989379289312751,0.0008273627174533117,0.0,11.416601447162066
1608.241833737113,12.44414826330855,0.9962836843710026,1.0009754837169138,0.0008260687555546204,0.0,11.43743456011066
1608.2626668494804,12.445060785832506,0.9954466952763581,1.0001423535655336,0.0008263091725383377,0.0,11.458267672478087
1608.283499961033,12.44558410831105,0.9949670077575729,0.9996683099552339,0.0008268488020280314,0.0,11.479100784030607
1608.30433307177,12.445032281191091,0.9954728298230806,1.000184543884027,0.0008265224488448,0.0,11.499933894767764
1608.325166181925,12.445217434538407,0.9953030837919321,1.0000221270797887,0.0008260487185765969,0.0,11.520767004922618
1608.3459992912656,12.444956973482286,0.9955418791719078,1.0002703026178086,0.0008266605089085969,0.0,11.541600114263247
1608.366832399791,12.44621555063841,0.9943885232023434,0.9991198215014366,0.0008270581077928172,0.0,11.56243322278874
1608.387665507734,12.44429949210777,0.9961449247974111,1.0008930634300852,0.0008263876214124756,0.0,11.583266330731703
1608.4084986147466,12.444701810975557,0.9957758723023723,1.0005308488445561,0.0008263239832725424,0.0,11.604099437744253
1608.42933172106,12.44606043815805,0.9945305955472975,0.9992883299187879,0.0008269629935007584,0.0,11.624932544057629
1608.450164826675,12.444619211170757,0.9958516310558394,1.000624520043561,0.0008263389992207186,0.0,11.64576564967274
1608.4709979314744,12.444841629680528,0.9956476467463494,1.0004285114710112,0.0008262814376561147,0.0,11.666598754472034
1608.4918310353435,12.443009093153572,0.997329548217506,1.0021275791813449,0.0008253359902384803,0.0,11.687431858341142
1608.51266413863,12.443680236660352,0.9967132434358382,1.0015175166980392,0.0008256032542601785,0.0,11.70826496162772
1608.533497240985,12.445081861584239,0.9954273723656009,1.0002347666938691,0.0008265774127988472,0.0,11.729098063982747
1608.554330342526,12.44487995672262,0.995612500496675,1.0004302346265042,0.0008260176311811807,0.0,11.749931165523776
1608.5751634432515,12.44523453874356,0.9952874043534373,1.0001131339598524,0.0008267303817406994,0.0,11.770764266249216
1608.595996543162,12.445942461222,0.994638667882788,0.9994709415209225,0.0008271684717225617,0.0,11.791597366159749
1608.6168296422575,12.44732228616649,0.99337541855701,0.9982113601103852,0.0008278750787982323,0.0,11.812430465255147
1608.637662740538,12.444167318271628,0.9962661994772041,1.0011261772295326,0.0008259835561651482,0.0,11.833263563535638
1608.658495838004,12.443735087769706,0.9966628910151335,1.0015349019449011,0.0008257833559487241,0.0,11.854096661001677
1608.679328934538,12.444274199102978,0.9961681309792835,1.001047948265963,0.0008260531505656247,0.0,11.87492975753571
1608.7001620301414,12.445523101605527,0.9950229157804836,0.9999074691238676,0.000826645858143345,0.0,11.895762853139104
1608.7209951249306,12.444885645956994,0.9956072835222408,1.0005051916610752,0.0008269043303492001,0.0,11.916595947928272
1608.7418282189035,12.445903996370891,0.9946739060058322,0.9995778338570137,0.0008268488522444541,0.0,11.937429041901169
1608.762661311829,12.445702519027643,0.9948585022737942,0.9997740898936821,0.0008270059991679054,0.0,11.958262134826782
1608.78349440394,12.44593353039012,0.9946468494164055,0.9995722761258771,0.0008273068882021649,0.0,11.979095226937716
1608.8043274951192,12.445200894707254,0.9953182461032454,1.0002580283109261,0.0008265224338154983,0.0,11.999928318116872
1608.8251605854834,12.446495245223158,0.9941323935243626,0.9990774476706302,0.0008273398277144898,0.0,12.020761408481121
1608.8459936748004,12.447926326868703,0.9928229157481375,0.9977727394649659,0.0008286047690914505,0.0,12.041594497798087
1608.8668267631865,12.446166126303488,0.9944337902845654,0.9994030887234021,0.0008270643855403727,0.0,12.062427586184185
1608.88765985064,12.446576194318133,0.9940582768859817,0.9990372811242053,0.0008272759240739994,0.0,12.083260673637596
1608.9084929370465,12.445532632165333,0.99501418153754,1.0000097114969462,0.0008265810843353072,0.0,12.10409376004418
1608.929326022522,12.446359749172505,0.9942564654840289,0.9992600655306779,0.0008275261171653338,0.0,12.124926845519667
1608.950159107065,12.444725697588693,0.9957539650920554,1.0007771402250674,0.0008268352310300326,0.0,12.145759930062695
1608.970992190561,12.447446927956204,0.9932613862692835,0.9982841437365748,0.0008278425796792841,0.0,12.166593013558668
1608.9918252730095,12.445416796613749,0.9951203437568877,1.000164829774852,0.0008267502934965969,0.0,12.18742609600713
1609.012658354527,12.447018535185583,0.9936533691018838,0.9987028785744387,0.000827784781992207,0.0,12.208259177524724
1609.0334914348791,12.448089488601251,0.9926737280033014,0.9977308577314065,0.0008283671826498965,0.0,12.2290922578768
1609.0543245143003,12.44634438551537,0.9942705347611253,0.9993485704588541,0.0008273999142508603,0.0,12.24992533729801
1609.0751575925585,12.446744164822771,0.9939045014528006,0.9989935875626964,0.0008274972097571144,0.0,12.270758415556202
1609.095990669884,12.446725231658444,0.9939218333988499,0.999024082870247,0.000827676577676812,0.0,12.291591492881707
1609.1168237460456,12.44692697905392,0.9937371637604705,0.9988516931902676,0.0008274875058631219,0.0,12.312424569043287
1609.13765682116,12.446001295562546,0.9945847714350546,0.9997170595104465,0.000827109176268044,0.0,12.333257644157584
1609.1584898951105,12.448441715838143,0.992351743699995,0.9974860327563709,0.0008283317710239954,0.0,12.354090718108182
1609.179322967896,12.444869736371153,0.9956218725315448,1.0007868087575726,0.0008264742724897601,0.0,12.374923790893718
1609.200156039633,12.448561732090162,0.9922420561403692,0.9974033004900439,0.0008286236480869972,0.0,12.395756862630606
1609.2209891102075,12.44837092030752,0.9924164521977533,0.9975926088379736,0.0008285364672330756,0.0,12.41658993320516
1609.2418221795,12.446542908769114,0.9940887523205759,0.9992878226096942,0.0008274950150157448,0.0,12.43742300249778
1609.2626552477454,12.446584612494561,0.994050569557555,0.9992637948924392,0.0008272985032545394,0.0,12.458256070743118
1609.283488314827,12.445544125649189,0.9950036484827781,1.0002364057838746,0.0008269623509251959,0.0,12.479089137824758
1609.3043213806286,12.447132542161985,0.9935490366974835,0.998788822608714,0.0008277368871518624,0.0,12.499922203626284
1609.3251544451487,12.44527124643997,0.9952537552127665,1.0005174026201054,0.0008271263320432523,0.0,12.520755268146331
1609.3459875085045,12.448408514917137,0.9923820894648869,0.997645545775288,0.0008290007679257664,0.0,12.541588331502226
1609.366820570697,12.445126882073916,0.9953860974238324,1.0006806982350063,0.0008263909814734172,0.0,12.562421393694649
1609.3876536314915,12.446492592635154,0.9941348223158791,0.9994381307991924,0.0008273981032839114,0.0,12.583254454489179
1609.408486691122,12.447978290667917,0.9927753999557559,0.998086970506426,0.000828330340958199,0.0,12.604087514119783
1609.429319749356,12.446515134009553,0.9941141829262065,0.9994486242896419,0.0008274924196984755,0.0,12.62492057235363
1609.4501528063095,12.446010606945809,0.9945762418122605,0.9999290523262767,0.0008270525913600143,0.0,12.645753629307137
1609.4709858619822,12.445596181942726,0.9949559435613733,1.0003268690001053,0.0008271661033265693,0.0,12.666586684979848
1609.4918189163736,12.447112370091162,0.9935674961792894,0.9989471519473319,0.0008279381623719103,0.0,12.687419739371308
1609.512651969253,12.445062963977493,0.9954446982672817,1.0008509521605478,0.0008265349753550553,0.0,12.708252792250732
1609.533485020851,12.445851330096465,0.9947221562522913,1.000141087145937,0.0008271888180754141,0.0,12.72908584384868
1609.554318071168,12.443690707216016,0.99670363144065,1.0021501715128205,0.0008262692703299813,0.0,12.749918894165603
1609.5751511199726,12.442913086550949,0.9974177413298838,1.002885192258141,0.0008256502177318252,0.0,12.770751942970264
1609.5959841673805,12.443006601246124,0.9973318372226715,1.0028160073807983,0.0008257451160050897,0.0,12.791584990378169
1609.6168172133898,12.444958796241178,0.9955402078347259,1.0010318691294684,0.0008270339273874361,0.0,12.812418036387498
1609.6376502580024,12.446312619555815,0.9942996250866517,0.999801949154987,0.0008275214713232445,0.0,12.833251081000071
1609.658483301103,12.44392861072922,0.9964852604238789,1.002017410473718,0.0008263441445709709,0.0,12.85408412410061
1609.679316342922,12.443113346688289,0.9972337881806903,1.0027880256855528,0.000825842301804393,0.0,12.874917165919669
1614.34592588157,12.434608118819757,1.0050764009903603,0.9997516866577684,0.0008514375811275807,1.0,17.541526704567787
1614.3667589843894,12.43463125369616,1.0050549850419164,0.9998026608090393,0.0008503548240269447,1.0,17.56235980738711
1614.4084251893325,12.436410862825504,1.0034089682786345,0.9983078586581604,0.00084910579670376,1.0,17.604026012330223
1614.429258291571,12.435804954205667,1.0039690894349262,0.9989356298103428,0.0008478638687757339,1.0,17.624859114568608
1614.450091393576,12.437614435889602,1.0022972738588727,0.9973420137944594,0.000848511603279214,1.0,17.645692216573707
1614.470924495349,12.435375141236596,1.0043666117407852,0.9994705212451837,0.0008464783600237363,1.0,17.666525318346658
1614.4917575970055,12.435137165887953,1.0045867763530225,0.999758467955613,0.0008460919049997629,1.0,17.687358420003193
1614.512590698428,12.435703387295552,1.0040630117039273,0.999305482431685,0.0008460775196038404,1.0,17.70819152142576
1614.533423799735,12.435201212879608,1.004527518070095,0.9998355249310563,0.0008454739817474582,1.0,17.729024622732595
1614.554256900809,12.435071345213101,1.0046476793454753,1.0000223156780763,0.0008451038064140712,1.0,17.7498577238066
1614.595923102258,12.436091954120299,1.0037037386414338,0.9992153218611325,0.0008459189972739419,1.0,17.79152392525566
1614.6584224030375,12.43420209873281,1.005452327958738,1.0011512248395091,0.0008440866671816496,1.0,17.854023226035224
1614.679255502947,12.43499471735115,1.0047185867353678,1.0004845303436503,0.0008445671467124723,1.0,17.87485632594462
1614.7000886026244,12.436687500088313,1.0031533399320973,0.9989891476498666,0.0008454280604989762,1.0,17.895689425622095
1614.7417548012795,12.435468136782916,1.0042805893520603,1.00023677979472,0.0008441228420527443,1.0,17.93735562427719
1614.7625879002585,12.436597967230252,1.0032360661859625,0.9992581252000349,0.00084424197658898,1.0,17.95818872325617
1614.783420999121,12.434539734771691,1.0051397067520578,1.0012154632442751,0.0008431161341149268,1.0,17.97902182211874
1614.80425409775,12.43592210093316,1.0038607709058738,1.00000215689251,0.0008435193222037744,1.0,17.999854920747566
1614.825087196146,12.4342489033963,1.0054089851620893,1.0016046195806076,0.0008425269082276345,1.0,18.020688019143563
1614.84592029431,12.436843055057487,1.0030096270225592,0.9992738689108883,0.0008443638310013989,1.0,18.04152111730764
1614.887586490173,12.43639481202862,1.0034238021144388,0.999804032993166,0.000844256577326444,1.0,18.083187313170583
1614.908419587638,12.436856371093594,1.002997325663863,0.9994370525178745,0.0008442486292730681,1.0,18.104020410635712
1614.929252684987,12.43766993456172,1.00224604157441,0.9987458301677724,0.0008450006059620206,1.0,18.124853507984653
1614.950085782219,12.434863340029903,1.0048401680387329,1.001387921911308,0.0008427593067054225,1.0,18.145686605216724
1614.991751975753,12.43483398613235,1.0048673352032325,1.0015275002771462,0.0008423806421430548,1.0,18.18735279875068
1615.0125850722866,12.436256536530708,1.003551602735719,1.0002715502025241,0.0008430592438601076,1.0,18.20818589528426
1615.033418168471,12.434596233258018,1.005087403628892,1.0018573145127316,0.0008417677597536523,1.0,18.229018991468593
1615.054251264539,12.436025449816034,1.0037652201163108,1.0005937823201314,0.0008423581838198855,1.0,18.249852087536738
1615.075084360375,12.434811161344438,1.00488846015494,1.001767429409781,0.0008413019541926414,1.0,18.270685183372734
1615.095917455977,12.435886691963992,1.003893510216363,1.000828967516094,0.0008417074335299847,1.0,18.291518278974763
1615.1167505513465,12.435702497842257,1.0040638342495107,1.0010516756353767,0.0008412478354596567,1.0,18.31235137434419
1615.137583646484,12.438497496490951,1.0014824079708626,0.9985302620126941,0.000843026197668451,1.0,18.333184469481694
1615.158416741387,12.435669624024328,1.0040942356593874,1.0011862963290645,0.0008413386520287104,1.0,18.354017564384776
1615.1792498361756,12.43699002786227,1.0028738618520296,1.000020803041245,0.0008417439603605225,1.0,18.374850659173262
1615.200082930615,12.437693283017712,1.0022244887829694,0.9994240961509593,0.0008418992717038715,1.0,18.39568375361273
1615.220916024821,12.435986520835705,1.0038012106790943,1.0010468180389356,0.0008408106962141521,1.0,18.416516847818684
1615.2417491189094,12.436218253505572,1.0035869885581665,1.000883087667946,0.0008406445270370289,1.0,18.437349941907087
1615.262582212649,12.437057367707032,1.0028116632483253,1.0001592280557856,0.0008406359877317753,1.0,18.458183035646698
1615.2834153062731,12.435492948423756,1.0042576394269673,1.0016503401217398,0.0008395076752166009,1.0,18.479016129270804
1615.3042483996628,12.437480312499382,1.0024210975017063,0.9998669527549086,0.0008399755296161658,1.0,18.499849222660487
1615.325081492704,12.438405888907315,1.0015669103145448,0.9990628049342406,0.0008400710045922559,1.0,18.520682315701606
1615.34591458563,12.43700716012311,1.0028580372337124,1.0003981476500403,0.0008384040456225935,1.0,18.541515408627674
1615.3667476782061,12.439210990963982,1.0008244973050182,0.9984164653901592,0.0008392696875265445,1.0,18.562348501203815
1615.3875807706645,12.437448188631238,1.002450756749875,1.0000852810893743,0.0008376010290380987,1.0,18.583181593662175
1615.408413862891,12.437688618439621,1.0022287945843367,0.9999098266816396,0.0008371673400541907,1.0,18.604014685888615
1615.4292469547686,12.437370018523005,1.0025229331264154,1.0002488093869157,0.0008367535319141358,1.0,18.624847777766263
1615.450080046529,12.436900649694053,1.0029564221625613,1.0007263883913307,0.0008362108247154964,1.0,18.645680869526586
1615.47091313794,12.43535757547986,1.0043828611779997,1.0021943233687682,0.0008350229502104981,1.0,18.666513960937664
1615.491746229236,12.437774910188457,1.0021491429725031,1.000009573834151,0.000836337324087842,1.0,18.68734705223369
1615.5125793202985,12.436769463246012,1.0030776138840702,1.0009797394738305,0.0008355986964017696,1.0,18.708180143296204
1615.5334124110113,12.43766892488055,1.0022469736142763,1.0001940144443937,0.0008356881207478013,1.0,18.729013234009017
1615.554245501491,12.436023024672593,1.0037674621686132,1.001754170286921,0.000834607273095253,1.0,18.74984632448877
1615.5750785918553,12.439155165871966,1.000875957830872,0.9989106658463947,0.0008367223985368607,1.0,18.77067941485302
1615.59591168187,12.435930137562126,1.003853340347093,1.0019240701220546,0.0008344598632785162,1.0,18.79151250486757
1615.616744771651,12.436143620089105,1.0036559774154568,1.001768490766695,0.0008347433071785385,1.0,18.812345594648605
1615.637577861317,12.438009686363406,1.0019324648280927,1.0000890997193088,0.000835571274329165,1.0,18.83317868431459
1615.658410950633,12.436984062146337,1.0028793722854017,1.0010747326318548,0.0008347777142600453,1.0,18.854011773630646
1615.6792440397162,12.436713663038924,1.0031291672693825,1.0013641063526286,0.000834406013231365,1.0,18.87484486271387
1615.7000771285661,12.4378662849075,1.002064806424815,1.0003411571288796,0.0008350181858737142,1.0,18.895677951563812
1615.720910217184,12.437660747310499,1.0022545223868642,1.000569647939476,0.000834495019097917,1.0,18.916511040181604
1615.741743305569,12.438399841670796,1.0015724887679835,0.9999273927556935,0.000834394591646368,1.0,18.937344128566565
1615.762576393604,12.438280026712023,1.0016830220518245,1.0000759397044756,0.0008341844729934615,1.0,18.958177216601598
1615.783409481524,12.439033740179369,1.0009878992509014,0.9994196623734622,0.0008344279120744789,1.0,18.97901030452158
1615.804242569094,12.435739312935592,1.0040297890763648,1.0024941935400178,0.0008322778464701451,1.0,18.999843392091634
1615.8250756565476,12.437553016866753,1.0023539744276893,1.0008578513868285,0.0008337053553432197,1.0,19.020676479545273
1615.845908743652,12.437335392709874,1.0025549056489529,1.001094966276703,0.0008335229924411212,1.0,19.041509566649665
1615.866741830524,12.440887874870448,0.9992799498001977,0.9978607141679856,0.0008357739751908837,1.0,19.062342653521682
1615.887574917162,12.437839556619412,1.0020894752222504,1.000701855960639,0.0008337908963803124,1.0,19.08317574015973
1615.9084080035675,12.439090115208636,1.0009359259844135,0.9995850432482288,0.0008341731914216283,1.0,19.104008826565178
1615.929241089741,12.438906522305494,1.0011051938686901,0.9997888031591026,0.0008345291504994279,1.0,19.124841912738702
1615.950074175565,12.440291894994402,0.9998286228776033,0.9985481649639066,0.0008350146179973404,1.0,19.145674998562754
1615.9709072612718,12.439096559383959,1.0009299851422222,0.9996819881817687,0.0008341634022540984,1.0,19.16650808426948
1615.9917403466295,12.438885398189651,1.0011246715905515,0.9999098913113922,0.0008340809998219481,1.0,19.18734116962719
1616.012573431755,12.437260016894346,1.002624509127655,1.001441001279267,0.0008327416542194018,1.0,19.20817425475275
1616.0334065166471,12.439807435255446,1.0002748498644023,0.9991267162611192,0.0008342670269575966,1.0,19.229007339644795
1616.054239601306,12.438921999829459,1.0010909228891278,0.9999740673879957,0.0008332490820691033,1.0,19.249840424303784
1616.075072685617,12.438435900456827,1.0015392257265605,1.0004536884634065,0.0008327065043291101,1.0,19.270673508614664
1616.095905769811,12.438043878289218,1.0019009125404046,1.0008464043794605,0.0008326363878247762,1.0,19.291506592808673
1616.116738853655,12.438100747795565,1.0018484355963053,1.0008249954354427,0.0008323325798987996,1.0,19.312339676652755
1616.1375719372663,12.440650920330109,0.9994980596506918,0.9985075567903,0.000833815545625639,1.0,19.333172760264006
1616.1584050206461,12.440448680976193,0.9996842528237178,0.9987237054008115,0.0008335851667874255,1.0,19.35400584364379
1616.1792381037908,12.439344070964866,1.0007018325526373,0.9997700778331754,0.0008324389519551546,1.0,19.37483892678847
1616.2000711865871,12.440646315852412,0.9995022984116929,0.9986009976791905,0.0008331775768664751,1.0,19.395672009584814
1616.220904269151,12.438475042621342,1.0015031196205573,1.0006290138391591,0.0008316198067948327,1.0,19.416505092148782
1616.241737351483,12.440691236755463,0.9994609461782007,0.998617169220261,0.0008325575227644808,1.0,19.4373381744806
1616.2625704335805,12.438410459105686,1.0015626944195526,1.0007453570946196,0.0008312513655652492,1.0,19.458171256578225
1616.283403515446,12.440615809535654,0.9995303821782159,0.9987424705399984,0.0008325302023580895,1.0,19.4790043384437
1616.304236596963,12.439050854876385,1.0009721205843043,1.0002104913777778,0.0008311429948735528,1.0,19.499837419960613
1616.325069678246,12.43965359706485,1.0004165890589871,0.999682400362695,0.0008312716932626093,1.0,19.520670501243785
1616.345902759296,12.44097017632285,0.9992042048136505,0.9984975075617346,0.000831822427682487,1.0,19.54150358229367
1616.366735840114,12.439297099745431,1.000745125943724,1.000063599502268,0.0008302406123233113,1.0,19.562336663111637
1616.387568920583,12.439955877192073,1.0001381015590587,0.9994828535585625,0.0008304786405724828,1.0,19.583169743580584
1616.408402000935,12.439043713414359,1.0009787045297094,1.0003484145486237,0.0008300095050352155,1.0,19.60400282393266
1616.4292350809374,12.442033186088294,0.9982263945251216,0.9976229013864507,0.0008314636146580273,1.0,19.624835903935036
1616.450068160591,12.44026628717208,0.9998522047896342,0.9992724597195901,0.0008302097505600816,1.0,19.64566898358862
1616.4709012401286,12.44101655461881,0.9991615237292504,0.9986065219569791,0.0008305865344313984,1.0,19.666502063126245
1616.491734319316,12.439852892358573,1.0002329716945773,0.9997013741134836,0.000830036380633046,1.0,19.687335142313714
1616.5125673982716,12.440658015607742,0.9994915279600065,0.998983938698528,0.0008302732116671667,1.0,19.70816822126926
1616.533400476878,12.439862975739839,1.0002236824367172,0.9997389874781497,0.0008297865996034353,1.0,19.729001299875563
1616.5542335553669,12.44092957918301,0.9992415671039119,0.9987802282826302,0.0008300837498098463,1.0,19.74983437836454
1616.575066633507,12.442291764725177,0.9979886855081338,0.9975504160601951,0.0008311755300184174,1.0,19.770667456504725
1616.595899711298,12.439843785399045,1.000241361503587,0.999824285177241,0.0008295770949456579,1.0,19.791500534295665
1616.6167327889725,12.44164724219188,0.9985812946051038,0.9981866993343761,0.0008305952835138298,1.0,19.81233361197019
1616.6375658662973,12.440295088641543,0.9998256819283095,0.999452055922524,0.0008298134171040694,1.0,19.833166689295012
1616.65839894339,12.439200457270045,1.000834207241955,1.0004813335075173,0.0008290858971278714,1.0,19.853999766387687
1616.67923202025,12.440841622392398,0.999322520139317,0.9989909258941049,0.0008299823927925092,1.0,19.87483284324776
1616.7000650967607,12.440056207980255,1.0000456849965498,0.9997342632782392,0.000829325637428259,1.0,19.895665919758358
1616.720898173038,12.44010186034177,1.0000036365808023,0.9997122927128603,0.0008293471227746217,1.0,19.91649899603567
1616.7417312489665,12.437364348854693,1.0025281682722291,1.0022558585324481,0.0008275590907317585,1.0,19.937332071964192
1616.762564324778,12.439992799370144,1.0001040908582643,0.9998518184376513,0.0008290900594507914,1.0,19.958165147775617
1616.7833974002401,12.439949247373029,1.000144208709994,0.9999109650715309,0.0008288868291838359,1.0,19.978998223237795
1616.8042304753535,12.440385174313372,0.9997427278632829,0.9995282704873967,0.0008292150817227566,1.0,19.999831298351182
1616.82506355035,12.43913348975342,1.000895939961321,1.0006996125025258,0.0008279455542473519,1.0,20.0206643733477
1616.8458966249975,12.440951261361281,0.999221612424895,0.9990436255162815,0.000829402551611349,1.0,20.041497447995198
1616.866729699296,12.4398357845138,1.000248732396999,1.0000882606976282,0.000828293082775779,1.0,20.062330522293678
1616.887562773478,12.440963242525083,0.9992105860156196,0.9990676303868449,0.0008292467428906903,1.0,20.083163596475742
1616.9083958471945,12.441220474695516,0.998973881499897,0.9988479770327842,0.000829431262742526,1.0,20.103996670192146
1616.929228920794,12.439617274412983,1.000450057954252,1.0003406834928164,0.0008284538900266706,1.0,20.12482974379168
1616.950061994045,12.439947438977121,1.0001458745457572,1.0000529199959376,0.0008284369019106739,1.0,20.14566281704265
1616.9708950670633,12.441812424788964,0.9984293832070673,0.9983526249376861,0.0008296773624750965,1.0,20.166495890061015
1616.9917281398484,12.440831631929873,0.9993317155037861,0.9992706192664728,0.0008289085796463308,1.0,20.187328962846095
1617.012561212284,12.442500379330914,0.9977969492326833,0.9977513366365537,0.0008296168847165484,1.0,20.208162035281703
1617.0333942844875,12.440191896828855,0.9999207130483707,0.9998901100377923,0.0008282624420893194,1.0,20.22899510748516
1617.054227356341,12.44058850775902,0.9995555165508359,0.999539711921508,0.0008282880660426878,1.0,20.249828179338692
1617.09589349935,12.439064777694131,1.0009592848116833,1.0009721397398719,0.0008273948102103349,1.0,20.291494322347717
1617.116726583195,12.440698978379391,0.9994538197480819,0.999480512305946,0.0008281623061877209,1.0,20.312327406192708
1617.1375596540006,12.438711640925952,1.0012849007538747,1.0013252186223047,0.0008266038406377491,1.0,20.333160476998273
1617.158392724456,12.438627456984163,1.0013625396659425,1.00141613396528,0.0008269663076446162,1.0,20.353993547453683
1617.17922579468,12.441697725438448,0.9985348648613765,0.9986012426762232,0.0008282864611762399,1.0,20.374826617677627
1617.200058864671,12.440602381787466,0.9995427438598239,0.9996218372416315,0.0008280783754595707,1.0,20.39565968766874
1617.220891934313,12.439547260237527,1.0005145744952855,1.0006061081986803,0.0008267619556203742,1.0,20.416492757310607
1617.241725003722,12.439660975718173,1.0004097902600957,1.0005133811352693,0.0008271390994319406,1.0,20.437325826719643
1617.262558072782,12.441633508461067,0.9985939259729938,0.998709080826258,0.0008275473769246247,1.0,20.45815889577966
1617.2833911416092,12.440642967563226,0.9995053807698955,0.9996321125688542,0.0008269035121515563,1.0,20.47899196460685
1617.304224210203,12.440422893104618,0.9997079971136943,0.9998459397441515,0.0008270254538232127,1.0,20.49982503320075
1617.325057278448,12.439593733882313,1.0004717495773976,1.0006207042861592,0.00082631384715414,1.0,20.520658101445633
1617.345890346344,12.440655708063492,0.9994936522083908,0.9996530725141554,0.0008267069737518415,1.0,20.541491169341725
1617.366723414123,12.441885454536187,0.9983622282269046,0.9985317850101234,0.0008270451586734436,1.0,20.56232423712072
1617.3875564814355,12.442012727686446,0.99824520416694,0.9984247764146374,0.0008273594734101868,1.0,20.583157304433144
1617.4083895486324,12.439192301694028,1.0008417250994963,1.0010315472102915,0.0008251833561823566,1.0,20.60399037163006
1617.4292226154798,12.440302913632717,0.9998184761273876,1.0000176003856673,0.0008258854317525968,1.0,20.624823438477506
1617.450055681979,12.440899301395774,0.9992694332147529,0.9994776648600214,0.0008261222008491236,1.0,20.645656504976614
1617.470888748245,12.440237525467353,0.9998786917343088,1.0000960003661168,0.0008253978180306643,1.0,20.666489571242664
1617.491721814162,12.440333244243247,0.9997905460638085,1.0000165145545266,0.0008252326340227121,1.0,20.687322637159696
1617.512554879845,12.439320865300008,1.000723220988809,1.000957818913827,0.0008248548845572819,1.0,20.70815570284276
1617.533387945296,12.441942020964282,0.9983102153034673,0.9985523803107051,0.0008263992436808506,1.0,20.728988768293675
1617.5542210103981,12.439980922169624,1.000115031362731,1.0003655174297008,0.000824842227716536,1.0,20.7498218333958
1617.5750540752665,12.441476155980732,0.9987386596727987,0.9989964119553808,0.0008257488819863829,1.0,20.770654898264183
1617.5958871397852,12.441985627749153,0.9982701206429067,0.9985350999038088,0.0008260605895155166,1.0,20.791487962782867
1617.616720203955,12.440616091924007,0.9995301222111074,0.9998025354424627,0.000825327885747315,1.0,20.81232102695276
1617.637553267893,12.440864163033297,0.9993017737221388,0.9995809670741037,0.0008252854099305062,1.0,20.83315409089073
1617.6583863315975,12.440041552960023,1.0000591834767445,1.0003451824206178,0.0008248577168813287,1.0,20.85398715459519
1617.679219394953,12.439102381943526,1.00092461739377,1.001217211743914,0.0008243516998165932,1.0,20.874820217950628
1617.700052458076,12.44046468607916,0.9996695163422388,0.9999678344545165,0.0008251831249268088,1.0,20.89565328107369
1617.7208855208492,12.439917665337193,1.0001733014578482,1.0004776162795908,0.000824752402943934,1.0,20.916486343846827
1617.741718583273,12.440992708617205,0.9991834685339301,0.9994930776603517,0.0008253196786363972,1.0,20.937319406270717
1617.7625516454646,12.440294396935556,0.9998263189022135,1.0001414832898174,0.0008252797587000891,1.0,20.95815246846223
1617.7833847074226,12.438838275742821,1.0011681227232079,1.0014888319688655,0.0008240948475006154,1.0,20.978985530420232
1617.8042177690309,12.439993023673448,1.0001038842458032,1.0004291299885018,0.0008251461916568051,1.0,20.999818592028532
1617.8250508302904,12.442397798670218,0.9978912258214574,0.9982203822603708,0.0008260896892465727,1.0,21.02065165328804
1617.845883891318,12.44146669669426,0.9987473610463041,0.9990811996508653,0.0008256996994496624,1.0,21.04148471431563
1617.8667169519958,12.440152345695022,0.9999571387640309,1.0002955541362097,0.0008249155766056881,1.0,21.062317774993517
1617.88755001244,12.440948292483501,0.999224344737666,0.9995664511423409,0.0008252564639133966,1.0,21.083150835437664
1617.9083830726531,12.439180844489245,1.000852286513081,1.0011986669708721,0.0008246497949113661,1.0,21.1039838956508
1617.9292161324,12.439861797434103,1.0002247679397467,1.0005744191488903,0.0008248695530249034,1.0,21.12481695539759
1617.9500491919134,12.440689550633577,0.9994624983179171,0.9998151441265427,0.0008253535801423717,1.0,21.145650014911098
1617.9708822511934,12.441285469327383,0.9989140824473635,0.9992695721054344,0.000825796576629155,1.0,21.166483074191092
1617.991715310125,12.439851307179993,1.0002344320392105,1.0005932127268837,0.0008249074568116816,1.0,21.18731613312275
1618.0125483688234,12.44128643111181,0.9989131975735084,0.9992741040724114,0.0008257026814404928,1.0,21.20814919182112
1618.033381427056,12.438797638477482,1.001205595449883,1.0015697197102646,0.0008243381099707834,1.0,21.228982250053605
1618.0542144851734,12.44026436409972,0.9998539757445238,1.0002197808818458,0.0008249298655121323,1.0,21.249815308171037
1618.075047542825,12.44038327843269,0.999744473586204,1.0001121991881101,0.0008251360736505993,1.0,21.27064836582258
1618.0958806002432,12.440545080810237,0.9995954972700456,0.9999649187875976,0.0008249337949819358,1.0,21.29148142324084
1618.1167136574277,12.439706185702146,1.0003681341296806,1.000739385667647,0.0008246431777798333,1.0,21.312314480425357
1618.137546714263,12.44172565495289,0.9985091788474926,0.9988810769652269,0.0008264735659137475,1.0,21.33314753726063
1618.15837977075,12.439874284308129,1.0002132645848818,1.0005869327762682,0.0008251051714037735,1.0,21.353980593747565
1618.179212827004,12.439888570487575,1.0002001038077881,1.0005747010945465,0.0008247013447515122,1.0,21.37481365000167
1618.200045882909,12.439033412076258,1.0009882017436182,1.0013638297279792,0.0008245108429938241,1.0,21.395646705906756
1618.220878938465,12.440503498365015,0.999633781358571,1.0000094385794998,0.0008250218945061193,1.0,21.416479761462597
1618.2417119937875,12.437313083519475,1.0025755058812775,1.0029526122797319,0.0008235089219125391,1.0,21.437312816785152
1618.2625450488765,12.44090297192544,0.9992660550075203,0.9996420665134274,0.0008256552595782026,1.0,21.458145871874194
1618.2833781035006,12.439479323615794,1.000577180592871,1.0009536446596172,0.0008248165108082548,1.0,21.478978926498257
1618.304211157892,12.44229324787958,0.9979873222209054,0.9983625828126484,0.0008265140447701544,1.0,21.499811980889717
1618.325044211934,12.441793891771862,0.9984464260823802,0.9988214440071027,0.000825880913183085,1.0,21.520645034931704
1618.3458772657436,12.440693935107838,0.9994584622466031,0.9998332602510562,0.0008255562983987117,1.0,21.541478088741314
1618.366710319204,12.440636286411003,0.9995115313137524,0.9998855669081687,0.0008253380609923542,1.0,21.56231114220168
1618.3875433723151,12.44079543522712,0.9993650321748833,0.999738050578744,0.0008253883456963391,1.0,21.583144195312798
1618.4083764251918,12.440247089366004,0.9998698841654796,1.0002419500475066,0.0008250867301358872,1.0,21.603977248189494
1618.42920947772,12.440584018291188,0.9995596496741459,0.9999302835238744,0.0008252416234320921,1.0,21.624810300717627
1618.4500425300162,12.439173281139784,1.0008592585767675,1.0012288819629938,0.0008248609880986299,1.0,21.64564335301384
1618.470875581846,12.439368106381387,1.0006796798243518,1.0010475729111004,0.0008245295404550409,1.0,21.666476404843706
1618.491708633444,12.438696871386568,1.001298521573827,1.0016648071209064,0.0008242688511088216,1.0,21.687309456441653
1618.512541684809,12.439940671590389,1.0001521084679446,1.0005159740601537,0.0008246788015860978,1.0,21.70814250780677
1618.5333747357076,12.43911380817735,1.0009140837683013,1.0012760588350083,0.0008240516427254358,1.0,21.728975558705315
1618.554207786372,12.438603270966308,1.0013848464121982,1.0017446593322208,0.0008237527585829851,1.0,21.749808609369666
1618.5750408366894,12.439351798478702,1.0006947102795622,1.0010517829835683,0.000824744179091054,1.0,21.770641659687044
1618.5958738867735,12.440985227176355,0.9991903535928789,0.9995442418718868,0.0008255731676273649,1.0,21.791474709771137
1618.616706936508,12.439516007792397,1.0005433742872913,1.0008949334154413,0.0008246949884716501,1.0,21.812307759505757
1618.637539985894,12.439607332982566,1.000459218512893,1.0008077848383272,0.0008246994644777758,1.0,21.833140808891585
1618.6583730349298,12.441181428674508,0.9990098079582584,0.9993547576280503,0.0008257339086910045,1.0,21.853973857927485
1618.6792060837329,12.441264138956425,0.9989337073038821,0.9992753685521019,0.0008263639683311773,1.0,21.874806906730555
1618.700039132187,12.439988495979394,1.0001080548480472,1.0004467030452537,0.0008247369740939481,1.0,21.895639955184606
1618.720872180292,12.440504869754513,0.9996325187255323,0.9999674464027125,0.0008248450144233684,1.0,21.91647300328964
1618.7417052280475,12.440232175741858,0.9998836184279972,1.0002149252318635,0.0008251896344483799,1.0,21.937306051045198
1618.7625382755705,12.439540003304412,1.000521261839395,1.0008489301276202,0.0008247687784230537,1.0,21.958139098568154
1618.7833713227442,12.440185906685304,0.9999262297522493,1.0002497153313286,0.0008250126520534038,1.0,21.978972145741864
1618.804204369568,12.439787457365902,1.000293255407321,1.0006127321975733,0.0008248636458537635,1.0,21.999805192565645
1618.825037416043,12.439815776116484,1.0002671655655468,1.0005823705445829,0.0008249582605962865,1.0,22.020638239040636
1618.845870462285,12.441142874120697,0.9990452834826972,0.9993557112668541,0.00082544212188469,1.0,22.04147128528257
1618.866703508179,12.440096516626099,1.0000085583548302,1.0003147571499758,0.0008249997727743022,1.0,22.06230433117662
1618.8875365537215,12.439256168439222,1.0007828538716772,1.0010846281777026,0.0008247064034353005,1.0,22.08313737671915
1618.908369598915,12.438444972359186,1.0015308573696202,1.0018280641154491,0.0008236457543903334,1.0,22.103970421912663
1618.9292026438775,12.44098714604483,0.9991885876821843,0.9994801920883084,0.0008258649085001148,1.0,22.124803466875164
1618.950035688374,12.439700078260465,1.0003737613779915,1.0006606750824567,0.0008251198620231314,1.0,22.145636511371777
1618.970868732637,12.43922209243585,1.0008142640935311,1.001096143738966,0.0008245918962155934,1.0,22.16646955563465
1618.9917017765501,12.43856466595558,1.0014204528144315,1.0016972203654866,0.0008242167073483607,1.0,22.18730259954782
1619.012534820231,12.441493820777534,0.9987224104477256,0.9989930467026523,0.000825742364103209,1.0,22.208135643228616
1619.0333678634465,12.43987177852003,1.0002155729958704,1.0004811051489337,0.0008250846953599167,1.0,22.228968686444205
1619.054200906429,12.440060669165208,1.0000415759140893,1.0003014410396467,0.0008249577269237543,1.0,22.249801729426736
1619.075033949063,12.439267853290753,1.0007720833584675,1.0010264025492983,0.0008244856355217088,1.0,22.270634772060703
1619.0958669912307,12.44245409127317,0.9978394890937814,0.9980872354908638,0.0008265624028949571,1.0,22.291467814228326
1619.1167000332812,12.439417789544276,1.0006338898858653,1.0008763795523383,0.0008249868275337569,1.0,22.312300856278853
1619.1375330748665,12.441074977121268,0.9991077611800835,0.9993438350982685,0.0008254332850530018,1.0,22.333133897864172
1619.1583661161035,12.439300827244253,1.0007416902382016,1.0009719918755209,0.0008243915844690096,1.0,22.353966939101156
1619.1791991571072,12.440824620211423,0.9993381692401754,0.9995618980019273,0.0008254945134014413,1.0,22.374799980104854
1619.2000321976438,12.439535378140029,1.0005255240028372,1.0007431628910142,0.000825107887634927,1.0,22.395633020641526
1619.220865237949,12.440634947543817,0.9995127638544106,0.9997237371378247,0.0008256261026777905,1.0,22.416466060946732
1619.241698277905,12.439890945025812,1.0001979163420072,1.0004024905136315,0.0008247476546305219,1.0,22.437299100902692
1619.2625313175115,12.43952255443255,1.0005373413506986,1.0007353469678002,0.0008244357172466627,1.0,22.45813214050918
1619.283364356769,12.439515584990332,1.000543763914059,1.0007350429424988,0.0008249663576970451,1.0,22.478965179766647
1619.3041973956765,12.440835209508197,0.9993284226398486,0.9995126619776415,0.0008252209151840693,1.0,22.499798218674187
1619.325030434351,12.438580175295575,1.0014061479959293,1.0015838630907101,0.0008241460152199352,1.0,22.52063125734867
1619.345863472561,12.43972605127305,1.0003498306944578,1.0005203748258071,0.0008250096746681116,1.0,22.541464295558626
1619.366696510538,12.440600776199998,0.9995442219854335,0.9997075695688908,0.0008256458401586644,1.0,22.562297333535753
1619.3875295480493,12.440479870326907,0.9996555358528795,0.9998117622860136,0.000825182806365007,1.0,22.58313037104699
1619.4083625853268,12.43748096145568,1.0024204983439309,1.0025699204776628,0.0008233256825707364,1.0,22.60396340832449
1619.429195622139,12.44034348475202,0.9997811162266793,0.9999228524415701,0.0008251464345237773,1.0,22.62479644513678
1619.450028658719,12.441401594580231,0.9988072489948665,0.9989414888558079,0.0008259336249040036,1.0,22.645629481716696
1619.4708616949495,12.441443569422002,0.9987686355953568,0.9988954414241232,0.0008256959349638561,1.0,22.66646251794714
1619.4916947308302,12.438686090509858,1.0013084640713308,1.0014280758312777,0.000824016060469664,1.0,22.68729555382788
1619.5125277662455,12.44122603902262,0.998968761837148,0.999080528396318,0.0008257285997399928,1.0,22.708128589243188
1619.533360801429,12.442242406588871,0.998034055627541,0.9981380946250067,0.0008263996526651751,1.0,22.728961624426574
1619.5541938362626,12.44105683258134,0.999124458147602,0.9992209169400743,0.0008260545138548965,1.0,22.74979465926026
1619.5750268707466,12.440370373729845,0.9997563562902798,0.9998451170815471,0.0008251410107285252,1.0,22.770627693744245
1619.5958599048809,12.440244576610162,0.9998721982006838,0.9999531510197315,0.0008249670631145017,1.0,22.79146072787853
1619.6166929386663,12.439467404188965,1.0005881651873816,1.000661295970551,0.00082461282211529,1.0,22.812293761664023
1619.637525971986,12.438340360582268,1.0016273605255153,1.0016926248536258,0.0008238983066091452,1.0,22.833126794983627
1619.658359005074,12.439794554206708,1.000286717079908,1.0003439102569718,0.0008246912493752284,1.0,22.853959828071766
1619.6791920378118,12.441004047976344,0.9991730331804982,0.9992221379940815,0.0008257836808496201,1.0,22.87479286080952
1619.7000250702,12.442123704588138,0.9981431752414249,0.9981841653065017,0.0008259727799731371,1.0,22.895625893197575
1619.720858102123,12.440716969118565,0.9994372588524091,0.9994701818428711,0.0008251471192945473,1.0,22.91645892512065
1619.7416911338141,12.439634178346068,1.0004344819707747,1.000459265829922,0.000825073752829182,1.0,22.937291956811805
1619.7625241651544,12.441016411238085,0.9991616556770612,0.9991782050265123,0.0008256081804937616,1.0,22.95812498815212
1619.783357196029,12.439921701990933,1.0001695829249542,1.0001778982915004,0.0008248041863121607,1.0,22.978958019026777
1619.804190226672,12.440766248654489,0.9993918972936998,0.9993919247219234,0.0008255453842466258,1.0,22.99979104966974
1619.8250232568494,12.440183438355326,0.9999285030030488,0.9999202093933157,0.0008248486654002841,1.0,23.02062407984704
1619.8458562866765,12.439100681334804,1.00092618516176,1.000909520706992,0.0008245181012065245,1.0,23.041457109674184
1619.866689316154,12.442229905140778,0.9980455473165171,0.9980205613503852,0.000826206136973298,1.0,23.062290139151628
1619.887522345284,12.440554448633158,0.9995868727135714,0.9995534371056009,0.0008254909424293114,1.0,23.083123168281645
1619.9083553740634,12.442015261346578,0.9982428746774067,0.9982010574042174,0.0008260228236451083,1.0,23.103956197061052
1619.9291884024935,12.441921637341434,0.9983289577658121,0.9982786849865284,0.0008260177080201518,1.0,23.124789225491213
1619.950021430575,12.440601116955083,0.9995439082814955,0.9994850894450975,0.0008251086161543277,1.0,23.145622253572583
1619.970854458191,12.440152586995328,0.9999569165277872,0.9998895645771454,0.0008252569367109086,1.0,23.166455281188746
1619.991687485574,12.439232069022015,1.00080506787826,1.000729124337508,0.0008241931133602165,1.0,23.187288308571624
1620.0125205124905,12.439070382906653,1.0009541172811087,1.0008696104724808,0.0008243501991066902,1.0,23.20812133548816
1620.033353539058,12.440625986887943,0.9995210129363122,0.9994280731840417,0.0008251660567627989,1.0,23.228954362055674
1620.0541865652772,12.440006854466453,1.0000911443724843,0.9999895807458298,0.0008248885302535856,1.0,23.249787388274854
1620.07501959103,12.442331711174376,0.9979519681445769,0.9978420592738522,0.0008263023098038689,1.0,23.27062041402769
1620.09585261655,12.440688977763717,0.9994630256670928,0.9993443669877508,0.0008254457284580386,1.0,23.291453439547695
1620.116685641605,12.44184059832788,0.998403475510516,0.9982763625839456,0.0008262073919841319,1.0,23.31228646460272
1620.13751866631,12.440940752974006,0.9992312835203623,0.9990954743276743,0.000825293369975098,1.0,23.33311948930759
1620.158351690666,12.44157139937687,0.9986510517535941,0.9985067339423938,0.0008259689380653414,1.0,23.35395251366367
1620.1791847145564,12.441262707989557,0.9989350238686018,0.9987820756816772,0.0008257906778236393,1.0,23.37478553755409
1620.220850761405,12.440131137117904,0.9999766719389739,0.9998063775443979,0.0008250634090590292,1.0,23.416451584402694
1620.241683784248,12.440336596742641,0.9997874589492669,0.9996086140494369,0.0008251037400200368,1.0,23.4372846072456
1620.262516806625,12.437788821938693,1.0021363023218957,1.001948443373288,0.0008237522926546164,1.0,23.45811762962262
1620.2833498286525,12.441200473250781,0.9989922847776362,0.998796459241109,0.000825754938696144,1.0,23.478950651650166
1620.304182850331,12.438556763684149,1.001427741440342,1.0012228748483525,0.0008239769896889991,1.0,23.499783673328693
1620.32501587166,12.441151271980461,0.9990375561823595,0.998824650523048,0.0008253463544340635,1.0,23.520616694657747
1620.345848892523,12.439843808105858,1.0002413405847934,1.0000196572691489,0.0008251038323557174,1.0,23.541449715520685
1620.366681913037,12.440750769724072,0.9994061453475473,0.9991761525257664,0.0008258240686348176,1.0,23.562282736034604
1620.387514933203,12.440044465850574,1.0000565004502178,0.9998178793221949,0.000824995181682308,1.0,23.58311575620064
1620.4083479529027,12.44018528332251,0.9999268038484127,0.9996797596271215,0.0008251025633090562,1.0,23.603948775900335
1620.4291809722522,12.440248515207301,0.9998685710888497,0.9996131134741295,0.0008252780367734576,1.0,23.624781795249874
1620.4500139911365,12.44002415260495,1.000075210872949,0.9998112986322819,0.0008248507041339571,1.0,23.645614814134206
1620.470847009672,12.43832332666355,1.0016430749990775,1.001370363955081,0.0008243521729380951,1.0,23.666447832669746
1620.491680027857,12.440380099060475,0.9997474011522578,0.9994668689986128,0.0008253178703034404,1.0,23.687280850854677
1620.5125130455776,12.439488593344654,1.0005686379657268,1.0002795653048981,0.0008247146985965391,1.0,23.70811386857531
1620.5333460629495,12.43975927057533,1.0003192243511274,1.000021951970659,0.0008248913844681222,1.0,23.728946885947153
1620.5541790799712,12.439909095096764,1.000181196340101,0.999875732588961,0.0008249528770755814,1.0,23.74977990296884
1620.5750120965265,12.439579674020909,1.0004847053811683,1.0001709543122226,0.0008250650845918886,1.0,23.770612919524183
1620.595845112617,12.440003107572444,1.0000945957098972,0.9997728180076978,0.0008248379260835593,1.0,23.791445935614774
1620.6166781283587,12.440203677521545,0.9999098635485789,0.9995800423584453,0.0008250781480940249,1.0,23.812278951356348
1620.63751114375,12.440147838557753,0.9999612898215566,0.9996233949618286,0.0008254870779254313,1.0,23.833111966747765
1620.658344158676,12.438680024904775,1.001314058025598,1.000967687299891,0.0008240619084549873,1.0,23.85394498167375
1620.6791771732535,12.439217998901173,1.0008180374554239,1.000463874186847,0.0008246631206802436,1.0,23.87477799625117
1620.700010187365,12.441388000186382,0.9988197550382925,0.9984584036813552,0.0008257925174804949,1.0,23.8956110103627
1620.7208432010111,12.43955367105779,1.0005086668907086,1.0001388508878393,0.0008247110679842548,1.0,23.916444024008797
1620.741676214307,12.440300659942427,0.9998205514782158,0.999443198760954,0.0008249741874176016,1.0,23.93727703730474
1620.7625092272547,12.440076776365736,1.0000267401274168,0.9996415760226974,0.0008251012718021976,1.0,23.958110050252344
1620.7833422397355,12.438474675695641,1.0015034580796536,1.0011100416510623,0.0008244669760085135,1.0,23.97894306273315
1620.804175251752,12.437876028109395,1.0020558141153837,1.001654556348949,0.0008240675493504744,1.0,23.99977607474966
1620.8250082634186,12.440105808702027,1.0,0.9995920223116447,0.0008249966154184462,1.0,24.020609086416243
1620.8458412746195,12.44050213976582,0.9996350322171981,0.9992197304773359,0.0008253233124303531,1.0,24.041442097617164
1620.8666742853552,12.441088547779607,0.9990952733720169,0.9986727965969604,0.000825708948073766,1.0,24.06227510835288
1620.8875072957405,12.44123747734871,0.9989582376691102,0.9985284922320244,0.0008257869487786154,1.0,24.08310811873821
1620.908340305661,12.439629502446087,1.000438790514258,1.0000011444807246,0.000825206141004808,1.0,24.10394112865879
1620.9291733151158,12.439194641160366,1.0008395685600038,1.000394556772584,0.0008246185621798343,1.0,24.12477413811348
1620.9500063242203,12.437478186899343,1.0024230599935167,1.0019702203618046,0.0008237305024298849,1.0,24.145607147218016
1620.970839332861,12.440156631262791,0.9999531917872181,0.9994944419001359,0.0008252082011956832,1.0,24.16644015585871
1620.991672341036,12.437554242431668,1.00235284298419,1.0018860318022385,0.0008239006631915018,1.0,24.18727316403374
1621.012505348861,12.441470045962625,0.9987442801250209,0.998272298356602,0.0008257624283328879,1.0,24.208106171858617
1621.0333383562195,12.439136973691692,1.0008927282658273,1.0004129516586546,0.0008243723761842132,1.0,24.22893917921715
1621.054171363113,12.440284962168338,0.9998350071724599,0.9993490537074216,0.0008252944379972736,1.0,24.249772186110704
1621.0750043695416,12.439911613256658,1.0001788766115673,0.9996861605153347,0.0008248402236583716,1.0,24.27060519253928
1621.095837375503,12.43944493510373,1.00060887236589,1.000109438882837,0.0008247065086822366,1.0,24.2914381985006
1621.116670381116,12.437426101434177,1.002471149873477,1.0019643641035376,0.0008236719344130526,1.0,24.312271204113586
1621.137503386264,12.439384148590573,1.000664894470334,1.00015270759504,0.0008244604135844495,1.0,24.33310420926159
1621.1583363909454,12.43740099016014,1.002494335633294,1.0019749857936913,0.000823937109653352,1.0,24.353937213943027
1621.179169395161,12.440420748146298,0.9997099721183899,0.9991859565109021,0.0008254381539719201,1.0,24.374770218158574
1621.200002398912,12.439388944312222,1.0006604745203713,1.000129949802409,0.0008245155936307726,1.0,24.395603221909596
1621.2208354021964,12.43827570212071,1.0016870118592038,1.0011500312484922,0.000824244427391305,1.0,24.416436225194047
1621.241668405015,12.44025080205958,0.9998664650991052,0.9993246669551284,0.0008256554505427447,1.0,24.43726922801261
1621.2625014074856,12.441127798032543,0.9990591559125448,0.9985121156349982,0.0008256860290198253,1.0,24.45810223048329
1621.2833344093735,12.43905359880336,1.000969590880569,1.0004159257161205,0.0008248162824313119,1.0,24.478935232371214
1621.3041674109108,12.439197978961573,1.000836491755188,1.0002774358163702,0.00082505071030116,1.0,24.499768233908526
1621.3250004118681,12.437027723882629,1.0028390433601313,1.0022735095223472,0.0008233573372691162,1.0,24.520601234865808
1621.3458334123588,12.440232238633023,0.9998835605098368,0.9993144676146934,0.0008253780113487788,1.0,24.54143423535652
1621.3666664124999,12.439659941387568,1.00041074330463,0.9998362418715949,0.0008248778114014316,1.0,24.56226723549753
1621.387499412059,12.440390975480769,0.9997373861795484,0.9991582881786892,0.0008251641011049478,1.0,24.58310023505669
1621.408332411153,12.43652844139638,1.0033003111260173,1.0027142729332859,0.0008233143230644355,1.0,24.603933234150645
1621.4291654097815,12.438708654579441,1.0012876548185972,1.0006980518223725,0.0008244843732256043,1.0,24.624766232779166
1621.449998407944,12.440012868633334,1.0000856046305546,0.999492103009605,0.000825162541064895,1.0,24.64559923094157
1621.4708314056406,12.440475022759252,0.9996599990996968,0.9990622759420987,0.0008252454600892161,1.0,24.666432228638314
1621.4916644028715,12.440548053078164,0.9995927608212131,0.9989907363046533,0.0008256172206323547,1.0,24.68726522586917
1621.5124973995198,12.439744075524787,1.0003332240754332,0.9997265434334196,0.000825202233091525,1.0,24.708098222517492
1621.533330395703,12.438937584599358,1.0010765532295005,1.0004653453407628,0.0008248322707487268,1.0,24.72893121870061
1621.5541633914215,12.437036119572689,1.002831288720286,1.0022150649492274,0.0008234075242744378,1.0,24.7497642144192
1621.5749963866733,12.438737676805522,1.0012608902986564,1.0006418340585421,0.000824319202915904,1.0,24.770597209670996
1621.5958293813428,12.439728129554018,1.0003479158591446,0.9997257731900131,0.0008250961383535389,1.0,24.791430204340486
1621.616662375664,12.43934477011538,1.0007011881594854,1.0000753185049824,0.0008247780776528636,1.0,24.81226319866164
1621.6374953692866,12.440258547674555,0.9998593321021523,0.9992306317583041,0.0008254773093357758,1.0,24.8330961922843
1621.6583283625591,12.43919654835818,1.0008378104926645,1.000205283801771,0.0008247726566454049,1.0,24.853929185556808
1621.67916135525,12.43917321190119,1.0008593224026672,1.000223722283823,0.000824843790274612,1.0,24.874762178247693
1621.6999943473588,12.438666102888973,1.0013268976080425,1.0006880927823791,0.000824640250841991,1.0,24.8955951703565
1621.7208273391184,12.437598313005898,1.002312157807937,1.0016699696484357,0.0008239020909259252,1.0,24.916428162116063
1621.74166033018,12.438503420666768,1.0014769435296387,1.0008326957727436,0.0008242658758442973,1.0,24.937261153177587
1621.7624933208908,12.439191958859247,1.0008420411278325,1.0001957685602056,0.0008249920517789125,1.0,24.958094143888502
1621.7833263109046,12.439807782616178,1.0002745298454632,0.9996263535959884,0.0008255494797078652,1.0,24.97892713390229
1621.8041593004514,12.43758510355389,1.0023243523675638,1.0016727372803018,0.0008238611308345535,1.0,24.99976012344905
1621.824992289533,12.440642191723533,0.9995060949914729,0.9988543732487228,0.0008257513992990874,1.0,25.020593112530605
1621.845825278034,12.437808858354183,1.0021178088480929,1.0014626085767757,0.0008239754328988727,1.0,25.041426101031675
1621.866658265952,12.438253161672225,1.0017078076185815,1.0010512710969155,0.000824459524905665,1.0,25.06225908894976
1621.8874912534038,12.438575809378609,1.0014101748164985,1.0007524018166762,0.0008248355457762466,1.0,25.0830920764015
1621.908324240274,12.439154424787688,1.0008766409928467,1.0002179621167546,0.0008245907496276115,1.0,25.103925063271618
1621.9291572265624,12.437829476984252,1.0020987783505335,1.001438214182268,0.0008243796818000844,1.0,25.124758049560114
1621.949990212384,12.440774791679114,0.9993840336929801,0.9987243593133477,0.0008257749367646724,1.0,25.145591035381585
1621.9708231975073,12.43729567835381,1.0025915780473946,1.0019290648169918,0.0008238208625626874,1.0,25.16642402050502
1621.991656182166,12.440221062254132,0.9998938531895761,0.999232585546775,0.0008252204890877384,1.0,25.1872570051637
1622.012489166243,12.43738067803495,1.0025130906318247,1.0018497376018602,0.0008239498758843142,1.0,25.20808998924076
1622.0333221497365,12.440186334991267,0.9999258352970591,0.9992640288880873,0.0008258311098367286,1.0,25.228922972734154
1622.0541551327647,12.439156913220053,1.0008743470553672,1.0002119363739872,0.0008251637388757427,1.0,25.24975595576234
1622.074988115095,12.440501516949663,0.9996356056428856,0.9989742292532205,0.0008256457064603391,1.0,25.270588938092715
1622.0958210968424,12.438823562288912,1.001181690236915,1.0005196991411107,0.0008244219218572204,1.0,25.291421919840104
1622.116654078008,12.439422576642293,1.0006294780205065,0.9999684553353554,0.000825321738890865,1.0,25.312254901005645
1622.137487058592,12.438965217711129,1.0010510751178345,1.0003905750801223,0.0008248557864892039,1.0,25.333087881589563
1622.15832003871,12.439349196683676,1.0006971082889746,1.0000378422335947,0.0008249575867216315,1.0,25.353920861707593
1622.179153018013,12.439566442825605,1.0004968977434916,0.9998389654634647,0.0008249876756280913,1.0,25.374753841010715
1622.19998599685,12.4408749406007,0.9992918541959026,0.9986361182213288,0.0008256380138450311,1.0,25.395586819847722
1622.2208189751059,12.439708102900937,1.0003663676758454,0.9997115378121924,0.0008251363743401948,1.0,25.41641979810356
1622.2416519526628,12.437651837602127,1.0022627470662195,1.001608498380294,0.0008238892480146506,1.0,25.437252775660454
1622.2624849296371,12.437795588944702,1.0021300563836855,1.0014779269409657,0.0008239524808998787,1.0,25.458085752634815
1622.2833179060299,12.440964847562107,0.9992091088899668,0.9985611188429305,0.0008261314305838736,1.0,25.478918729027555
1622.3041508817246,12.438374577158726,1.001595795105683,1.0009487156948893,0.000824473741806501,1.0,25.499751704722257
1622.3249838568358,12.440908584531535,0.9992608894136755,0.9986179871913916,0.0008258706753878634,1.0,25.52058467983352
1622.345816831249,12.440546753491219,0.9995939572982904,0.9989537286188314,0.0008257726362968755,1.0,25.541417654246743
1622.3666498050811,12.441060663256328,0.9991209330608429,0.998484114106875,0.0008261002468542263,1.0,25.5622506280788
1622.387482778215,12.438637400104163,1.001353369277905,1.000718463827372,0.0008245875737712494,1.0,25.583083601212593
1622.4083157506495,12.438363991527801,1.0016055604382392,1.0009740573234345,0.0008243572936133784,1.0,25.60391657364721
1622.429148722501,12.44043169997011,0.999699888092261,0.9990733687154909,0.0008255467715155383,1.0,25.624749545498616
1622.4499816937719,12.437176775895294,1.00270138108316,1.002077003554381,0.000823836072304302,1.0,25.645582516769537
1622.470814664227,12.439263454808492,1.0007761376463813,1.000157205265998,0.0008249138609471208,1.0,25.66641548722464
1622.491647634101,12.438704174280602,1.0012917866483688,1.0006770172066581,0.000824502060827985,1.0,25.687248457098576
1622.512480603276,12.439946240387425,1.0001469786493125,0.9995376239038113,0.0008251639862329749,1.0,25.708081426273566
1622.533313571752,12.439723746525624,1.0003519541901416,0.9997474246070638,0.0008252538041534775,1.0,25.72891439474961
1622.5541465394135,12.439857819655508,1.0002284324394137,0.9996291664539367,0.0008253883075715157,1.0,25.7497473624112
1622.5749795064926,12.439616036451174,1.0004511986730256,0.9998572307665246,0.0008251434144163669,1.0,25.770580329490258
1622.5958124728745,12.440504543856022,0.9996328187788739,0.9990450073608886,0.0008259579107592483,1.0,25.79141329587219
1622.6166454385566,12.439683373898767,1.0003891525325084,0.9998068169611738,0.0008251877206108908,1.0,25.812246261554264
1622.6374784034235,12.44234273492271,0.9979418357427561,0.9973670780945003,0.0008269026100657965,1.0,25.833079226421205
1622.658311367593,12.441269819345107,0.998928481064897,0.9983595641793523,0.0008262079268933228,1.0,25.853912190590563
1622.679144331064,12.440410009048549,0.9997198603731622,0.9991571588088985,0.0008257059095930813,1.0,25.874745154061657
1622.6999772938357,12.440897031197917,0.999271522618871,0.998715990205542,0.0008259280781801129,1.0,25.89557811683335
1622.720810255792,12.440854207229094,0.999310936996209,0.9987625557863352,0.0008258515553265295,1.0,25.91641107878968
1622.7416432170521,12.44060306730905,0.9995421127600163,0.9990010375830726,0.000825530289585865,1.0,25.93724404004979
1622.762476177495,12.441547043187164,0.998673454623817,0.9981405362455669,0.0008261289647904456,1.0,25.95807700049272
1622.7833091371235,12.439293368378554,1.0007485652263193,1.0002225046157724,0.0008251913125883635,1.0,25.9789099601212
1622.804142096054,12.439432518885607,1.0006203151537418,1.000102550931314,0.0008250646394247233,1.0,25.99974291905164
1622.824975054053,12.440181339408296,0.9999304360683559,0.9994215186988799,0.0008253706517431609,1.0,26.02057587705076
1622.8458080113535,12.441729416961959,0.998505719080691,0.9980062730590656,0.0008265273604268567,1.0,26.04140883435116
1622.866640967839,12.43981593419686,1.000267019929253,0.9997757255529716,0.000825322218729827,1.0,26.06224179083665
1622.88747392351,12.440603991733123,0.9995412617241992,0.999059622868645,0.0008259378342116045,1.0,26.08307474650769
1622.9083068783655,12.441434438538305,0.9987770351297552,0.9983053311649575,0.0008260089802645018,1.0,26.10390770136314
1622.929139832406,12.440270602626772,0.9998482307043138,0.9993858750661903,0.000825657206900806,1.0,26.124740655403684
1622.9499727856323,12.439974305810473,1.00012112597427,0.9996687803785399,0.0008255872313998889,1.0,26.145573608630002
1622.9708057379275,12.439951702330681,1.0001419472869222,0.9997000103554922,0.0008255673266012608,1.0,26.166406560925225
1622.9916386894065,12.439451566555134,1.000602760873229,1.0001713268457477,0.0008249909891110523,1.0,26.187239512404176
1623.012471639955,12.438973118585617,1.0010437905213654,1.0006231636356315,0.0008252181475765482,1.0,26.208072462952714
1623.0333045896891,12.441020369428676,0.9991580131117328,0.9987494428227075,0.0008261013883116275,1.0,26.2289054126868
1623.054137538491,12.439896770496695,1.0001925498375264,0.9997951224306456,0.0008255016159700866,1.0,26.249738361488653
1623.0749704863615,12.44020804742441,0.9999058390901839,0.9995203801964802,0.0008255140926915658,1.0,26.270571309359184
1623.095803433418,12.439860344799921,1.0002261061668896,0.9998526764485574,0.0008253580145957492,1.0,26.291404256415717
1623.116636379426,12.439134909907278,1.0008946307802387,1.000533408796036,0.000824889853434791,1.0,26.312237202423603
1623.1374693246194,12.43980638709412,1.0002758155224656,0.999927564931452,0.0008255596485742193,1.0,26.333070147617036
1623.1583022687646,12.439133259672028,1.0008961520639992,1.0005607423300615,0.000825041209374086,1.0,26.353903091762277
1623.179135211979,12.439977690448785,1.0001180082344474,0.9997962085714177,0.0008261011638960642,1.0,26.37473603497665
1623.1999681542616,12.4384269470575,1.0015474848391912,1.0012388989998515,0.0008246054412580212,1.0,26.395568977259245
1623.2208010954969,12.43983123621427,1.0002529225864294,0.9999586986217439,0.0008261046159660126,1.0,26.416401918494557
1623.2416340358009,12.442734407983481,0.9975818989196606,0.9973026946480341,0.0008274088492611436,1.0,26.437234858798547
1623.2624669750576,12.43978170614513,1.000298554044835,1.000033173372237,0.0008255010221223816,1.0,26.458067798055254
1623.2832999132656,12.439322686840683,1.0007215420759072,1.000470952883765,0.0008254206056204104,1.0,26.478900736263313
1623.304132850426,12.438119299646718,1.0018313172721807,1.001595686332418,0.0008251065951837705,1.0,26.499733673423634
1623.3249657866554,12.439870756647608,1.0002165143784902,0.9999967924265009,0.0008256314168507644,1.0,26.520566609653088
1623.3457987217198,12.43810500878427,1.0018445038341777,1.0016402990142461,0.0008247265416188567,1.0,26.54139954471748
1623.3666316557374,12.440338269664885,0.9997859184596132,0.9995982969980662,0.0008261911265330749,1.0,26.56223247873504
1623.387464588591,12.438107484187755,1.001842219700575,1.0016707339102304,0.0008248058408711469,1.0,26.583065411588677
1623.408297520397,12.439610907761622,1.000455924513155,1.0003015009488387,0.0008254403310465568,1.0,26.603898343394576
1623.429130451038,12.437837492364515,1.0020913804456961,1.0019538856935775,0.0008246618067460691,1.0,26.62473127403564
1623.4499633806308,12.438678909553758,1.001315086652277,1.0011951970144402,0.0008252511891121397,1.0,26.64556420362851
1623.4707963089445,12.438790667784113,1.0012120234565922,1.0011099758336324,0.0008252386768171446,1.0,26.666397131942176
1623.49162923621,12.441636376885686,0.9985912877745017,0.9985076244328589,0.0008273301512456768,1.0,26.68723005920765
1623.5124621621944,12.440634230742049,0.9995134237317822,0.9994481534819416,0.000826238345369533,1.0,26.7080629851921
1623.533295087015,12.439380856377854,1.000667928731027,1.0006214138672147,0.0008255849858876659,1.0,26.728895910012625
1623.5541280105558,12.4399209596145,1.0001702667951033,1.0001429375356994,0.0008258970878432612,1.0,26.74972883355349
1623.5749609329314,12.438696635142817,1.00129873944493,1.0012909069066491,0.0008252583360362288,1.0,26.770561755929066
1623.5957938540264,12.437512770968059,1.0023911302156348,1.002403184176535,0.0008246036211149076,1.0,26.791394677024073
1623.6166267738415,12.439917612779139,1.000173349873996,1.0002055754854835,0.0008261575136455871,1.0,26.812227596839193
1623.6374596923756,12.438965128319351,1.0010511575372456,1.0011039774789183,0.0008254085425131615,1.0,26.83306051537329
1623.658292609512,12.439302875482683,1.0007398023434744,1.0008135174807016,0.0008258362755355596,1.0,26.85389343250972
1623.6791255254855,12.438875199837405,1.0011340752283318,1.0012290933795662,0.0008255438052404667,1.0,26.874726348483136
1623.699958439945,12.439872854079892,1.000214582155567,1.0003311235985644,0.0008260914815771354,1.0,26.895559262942697
1623.7207913531233,12.442206085014332,0.9980674438249116,0.9982056566475239,0.0008270892268745724,1.0,26.916392176121008
1623.741624264906,12.44175597570403,0.998481294426352,0.9986418547926439,0.0008269860997187061,1.0,26.9372250879037
1623.7624571752908,12.442336385389877,0.9979476718592559,0.9981307864757322,0.000827069288880516,1.0,26.958057998288496
1623.8041229918695,12.441973793848728,0.9982810012725982,0.9985105661502729,0.0008270463936644263,1.0,26.99972381486714
1623.824955897948,12.440860993635358,0.9993046908115667,0.9995582612697147,0.0008264105445422046,1.0,27.020556720945706
1623.8457888025125,12.438414872807385,1.0015586229057158,1.0018369606119388,0.0008252475875353524,1.0,27.04138962551019
