time_o,mag,oflux,nflux,enflux,lc_part,time
1325.3230230489405,14.29472028634023,1.0219756145906482,1.0060131919340987,0.0026871406688222686,0.0,0.0
1325.343856086572,14.304846968185757,1.0124879435820995,0.996650424003226,0.0027251629591719317,0.0,0.02083303763151889
1325.3646891261815,14.301474676794259,1.0156376151294348,0.9997277361297656,0.0027351239029972233,0.0,0.041666077240961386
1325.3855221677115,14.30057986031629,1.0164750044262874,1.0005291648077916,0.002766245759686594,0.0,0.062499118771029316
1325.406355211134,14.303512276388695,1.013733356876941,0.9978080110203557,0.0027759918802633928,0.0,0.08333216219352835
1325.4271882563899,14.304412767143118,1.0128929325990468,0.9969585572768459,0.0027947028117110066,0.0,0.10416520744934132
1325.4480213034506,14.305894042747802,1.0115119796878798,0.9955773904863583,0.0028128101236529536,0.0,0.12499825451004654
1325.4688543522288,14.300206810970437,1.016824316243798,1.000784251507967,0.0028153621619515057,0.0,0.1458313032883325
1325.4896874026645,14.303054680856121,1.0141606960599554,0.9981411799299041,0.002836300916789719,0.0,0.16666435372394517
1325.510520454789,14.302535225955413,1.0146460227755818,0.998597624045683,0.002851032580934433,0.0,0.1874974058484895
1325.5313535084852,14.3021565830077,1.0149999352255832,0.9989249761652187,0.0028699560206054994,0.0,0.2083304595446407
1325.5521865637234,14.30091127215643,1.0161647813336259,1.0000506483476623,0.0028950539192593946,0.0,0.22916351478284014
1325.573019620476,14.30489587743204,1.0124423349834144,0.9963668422400105,0.0029108438175456585,0.0,0.24999657153557564
1325.593852678654,14.303956963292457,1.0133182453221274,0.9972086961999268,0.0029215163548352283,0.0,0.27082962971348934
1325.614685738287,14.302644643731178,1.0145437744425823,0.9983948279480932,0.002925575406818629,0.0,0.29166268934659456
1325.6355187992885,14.303885945117225,1.0133845287950718,0.997234400764732,0.002931036695677577,0.0,0.31249575034803456
1325.656351861628,14.299906484341872,1.0171056199867856,1.0008767417996525,0.0029248463747461647,0.0,0.33332881268756864
1325.677184925249,14.307780666487321,1.0097558574782197,0.9936251989963422,0.0029469896661373993,0.0,0.35416187630858076
1325.7188510562446,14.303735124184357,1.013525309046642,0.9972969529326966,0.0029495479831149517,0.0,0.3958280073040896
1325.739684123532,14.303654727526975,1.013600361406142,0.9973524429981965,0.0029584816431078363,0.0,0.41666107459150226
1325.7605171919254,14.300884399544824,1.0161899323227088,0.9998823501125,0.0029608073616078246,0.0,0.43749414298486045
1325.781350261483,14.304361544717093,1.012940719581702,0.9966674365118559,0.0029829930480096425,0.0,0.4583272125425992
1325.8021833320886,14.298158523176776,1.0187444094114777,1.0023601955761228,0.002975865112723169,0.0,0.4791602831480759
1325.8230164038005,14.295537014909938,1.0212071380301355,1.004765835306822,0.002975041797132598,0.0,0.4999933548599529
1325.8438494765014,14.293661418320141,1.0229727860412472,1.006485797108981,0.002972030031095045,0.0,0.5208264275609054
1325.8646825501335,14.294033928179353,1.0226218701527618,1.006123535184446,0.0029704510580102206,0.0,0.541659501192953
1325.8855156248135,14.297814623843182,1.019067140672135,1.0026094633565772,0.0029712294455020087,0.0,0.562492575872966
1325.9063487003655,14.302919001157857,1.0142874391994827,0.997890587607902,0.002990694635491809,0.0,0.583325651424957
1325.9271817767926,14.299319869402282,1.0176553028294266,1.0011878353815102,0.0029626224537579924,0.0,0.6041587278521092
1325.9480148541506,14.302847501317933,1.0143542360670614,0.9979243140983656,0.0029700517330268415,0.0,0.6249918052101293
1325.968847932323,14.297481571890078,1.019379789694596,1.0028527637811468,0.0029545902100439575,0.0,0.6458248833823745
1325.9896810113685,14.302559455313517,1.0146233801231415,0.9981580855270044,0.0029721681062519333,0.0,0.666657962427962
1326.01051409117,14.296809029759766,1.0200114240002072,1.0034434736079347,0.002966097499251243,0.0,0.687491042229567
1326.0313471717875,14.294695875309632,1.0219985923253332,1.0053833614505703,0.002966335882919312,0.0,0.7083241228469888
1326.0521802531034,14.299484027159963,1.017501450186859,1.000944639752083,0.0029770163008248324,0.0,0.7291572041629024
1326.073013335176,14.298914219334492,1.0180355877156295,1.0014556292805186,0.002983225951715657,0.0,0.7499902862355157
1326.0938464179465,14.304333513436234,1.0129668717835143,0.9964553201598436,0.003000373134823677,0.0,0.7708233690059387
1326.1146795014733,14.300722273026562,1.0163416852403857,0.9997611757283877,0.0029873900982373696,0.0,0.791656452532834
1326.135512585583,14.298928322049806,1.0180223644549806,1.0014007070701048,0.0029844843611646563,0.0,0.812489536642488
1326.156345670392,14.297200482274523,1.0196437342571611,1.0029820939472682,0.0029807910822807187,0.0,0.8333226214515435
1326.177178755841,14.294357672076481,1.0223169910907388,1.0055983640452741,0.002973050539868364,0.0,0.8541557069004284
1326.198011841871,14.294241757808695,1.0224261404870845,1.0056926629334026,0.0029735695544176187,0.0,0.8749887929304805
1326.218844928542,14.29569076674083,1.0210625344425344,1.004338565612038,0.00297632502195989,0.0,0.895821879601499
1326.2396780157947,14.298846848738014,1.0180987594072548,1.0014108013369951,0.0029829640242858826,0.0,0.9166549668541393
1326.2605111035705,14.296059885176636,1.0207154621565562,1.0039722860239757,0.002975822440180139,0.0,0.9374880546299664
1326.2813441919295,14.30009771720292,1.016926490941752,1.000233421453292,0.0029879870395451546,0.0,0.9583211429890071
1326.3021772808129,14.292617386322128,1.0239569385251104,1.0071365715641427,0.0029683782922962226,0.0,0.9791542318723714
1326.323010370161,14.297069587463792,1.0197666684640043,1.003003527930926,0.002984098766287619,0.0,0.9999873212204875
1326.3438434600916,14.299411289985041,1.0175696183660115,1.0008312459140807,0.002991337261185664,0.0,1.020820411151135
1326.3646765504864,14.295172354786054,1.0215501827436637,1.0047351764060952,0.002987938758895529,0.0,1.0416535015458521
1326.385509641349,14.295025358326434,1.0216884985014525,1.0048602909187934,0.0029927557009237177,0.0,1.0624865924085043
1326.4063427326769,14.300874968388804,1.016198759409233,0.9994503397854083,0.003008730388130501,0.0,1.083319683736363
1326.42717582447,14.302241470398863,1.0149205813935565,0.9981828394967162,0.003023218837343309,0.0,1.1041527755294283
1326.4480089167284,14.294197677736681,1.0224676510608262,1.0055952111180753,0.0030017926102703595,0.0,1.1249858677879274
1326.468842009336,14.298626938842084,1.0183049905954769,1.0014912799300058,0.0030203159687946985,0.0,1.1458189603954452
1326.510508195891,14.296036958461837,1.0207370161024136,1.003863869035917,0.003021467777273234,0.0,1.1874851469503938
1326.53134128978,14.295506587368221,1.0212357575585866,1.0043450652806851,0.0030275480499490737,0.0,1.2083182408393895
1326.5521743840175,14.29518181837501,1.021541278657336,1.0046364580907414,0.003034303744307796,0.0,1.2291513350769492
1326.573007478663,14.302012984541854,1.015134187055687,0.9983266017542567,0.0030675879315550025,0.0,1.2499844297224172
1326.593840573657,14.29648967138715,1.0203114942194842,1.003409578883636,0.003055651497153343,0.0,1.270817524716449
1326.6146736690005,14.302185540451138,1.0149728647354053,0.9981510471780253,0.0030644628243828467,0.0,1.2916506200599542
1326.635506764694,14.298225026431899,1.0186820114328423,1.001790575186368,0.0030541225509319214,0.0,1.3124837157533875
1326.656339860736,14.30011581534871,1.0169095399269314,1.0000395878948918,0.0030593829144297834,0.0,1.3333168117953846
1326.677172957069,14.295098862203021,1.0216193329684458,1.004663529863259,0.003042817640730555,0.0,1.35414990812842
1326.6980060537514,14.297744927529672,1.019132559419627,1.0022105532789367,0.0030439367953910158,0.0,1.3749830048109288
1326.718839150725,14.297278896633813,1.0195700959068983,1.0026335681358949,0.003038507743609764,0.0,1.395816101784476
1326.7605053456036,14.296208619618987,1.0205756444491756,1.0036085514937214,0.003031453603221075,0.0,1.43748229666312
1326.7813384434512,14.295232171346704,1.0214939039394955,1.0045049404698618,0.00302623075089292,0.0,1.4583153945106915
1326.802171541588,14.301528785032385,1.015587001552794,0.9986899313307743,0.0030425056926325525,0.0,1.4791484926474823
1326.8230046400165,14.299805148050208,1.0172005551297973,1.0002705000629952,0.0030411949683813344,0.0,1.4999815910759935
1326.843837738736,14.29728936857361,1.0195602621875037,1.0025849986646604,0.003035604859127248,0.0,1.520814689795543
1326.8646708376314,14.295513955563795,1.0212288271097152,1.0042200574142481,0.0030280624709462006,0.0,1.5416477886908524
1326.8855039368755,14.292840221267134,1.0237468046328282,1.0066905764909542,0.003013063511416646,0.0,1.562480887934953
1326.9063370362935,14.299252190061505,1.0177187403259513,1.0007576713683979,0.0030166189927400533,0.0,1.5833139873529944
1326.9271701360026,14.29901334043149,1.0179426515145933,1.000972793398388,0.0030040122285262595,0.0,1.6041470870620742
1326.9480032358856,14.300049780475028,1.0169713906185183,1.0000128856955246,0.002993426928273936,0.0,1.6249801869450948
1326.9688363360606,14.298445082103566,1.0184755671438208,1.00148734953194,0.002979064158922098,0.0,1.6458132871200633
1326.989669436411,14.297086480915215,1.0197508015853098,1.0027368906149594,0.0029696864589657305,0.0,1.6666463874705642
1327.010502536994,14.30578675332854,1.0116119394153191,0.9947296458600204,0.0029877446757856922,0.0,1.687479488053441
1327.0313356377505,14.304513779899352,1.0127987012866102,0.9958926339112123,0.0029847188487407868,0.0,1.7083125888100312
1327.05216873874,14.30164921500127,1.015474358787863,0.9985198610114386,0.002980683378850864,0.0,1.7291456897994522
1327.0730018399631,14.29904055614658,1.017917135473183,1.0009182873661175,0.002976625247606071,0.0,1.7499787910226132
1327.09383494136,14.301604760852157,1.0155159370022788,0.9985538412853234,0.0029852557242457493,0.0,1.7708118924194878
1327.1146680429324,14.298993770348382,1.0179609998037427,1.0009549192534106,0.0029788042228726234,0.0,1.7916449939918948
1327.135501144679,14.296837618360392,1.0199845663572595,1.0029417386950468,0.0029763399324005363,0.0,1.81247809573847
1327.156334246658,14.304372365011492,1.0129306248071777,0.996002947301068,0.002995712214420432,0.0,1.8333111977174212
1327.177167348812,14.295674968411413,1.0210773918264588,1.0040110418621906,0.0029701967520713106,0.0,1.8541442998714501
1327.198000451082,14.296123478096964,1.0206556793328123,1.0035940606331155,0.0029679208096672666,0.0,1.8749774021414396
1327.218833553528,14.300832034796422,1.0162389440560706,0.9992490556314223,0.0029758649447125998,0.0,1.8958105045874163
1327.2396666562065,14.29925874427851,1.0177125967255878,1.0006961727710468,0.002965824705942639,0.0,1.9166436072659963
1327.2604997589424,14.30323640574573,1.0139909653121462,0.9970350813008306,0.0029680120475898504,0.0,1.9374767100018744
1327.2813328619104,14.302495909926334,1.014682765194819,0.9977138292932728,0.0029559914724759644,0.0,1.958309812969901
1327.302165964996,14.299379091449202,1.0175997958046137,1.000580793324957,0.0029436785482623265,0.0,1.9791429160554799
1327.3229990682555,14.294415781744398,1.0222622771456047,1.00516421070202,0.002926985070072836,0.0,1.9999760193149996
1327.3438321716326,14.303418227216937,1.0138211727862076,0.9968634155353447,0.002946285038772524,0.0,2.0208091226920715
1327.364665275184,14.297748303282834,1.0191293907543513,1.002082168766526,0.0029318931834672814,0.0,2.041642226243539
1327.3854983788515,14.311274049044405,1.006512164658762,0.9896755252626677,0.002965588222641177,0.0,2.062475329910967
1327.4063314826349,14.307589003196199,1.0099341238131554,0.99303997201238,0.0029567018548340676,0.0,2.0833084336943557
1327.427164586535,14.309347480657836,1.008299740630767,0.9914328571389658,0.0029673156843685843,0.0,2.104141537594387
1327.44799769061,14.297794092533039,1.019086411450117,1.002039215017229,0.0029424014415302645,0.0,2.124974641669496
1327.4688307948015,14.301715341403927,1.0154125135429322,0.9984270991596345,0.002957485311151258,0.0,2.1458077458610205
1327.48966389911,14.30022012441429,1.0168118478832644,0.9998035499262586,0.0029570738994307314,0.0,2.166640850169415
1327.5104970035336,14.299052704815264,1.0179057457186662,1.0008798727395332,0.002959699811694463,0.0,2.187473954593088
1327.531330108074,14.295401412278082,1.0213346892925366,1.0042523856058072,0.0029581645277233725,0.0,2.2083070591334035
1327.5521632126724,14.29643281947014,1.020364921730561,1.0032999571517636,0.0029674293230487524,0.0,2.229140163731927
1327.5729963174465,14.298694574366069,1.018241557649121,1.001213417945998,0.002982585792225647,0.0,2.2499732685059826
1327.5938294222785,14.295375359705524,1.0213591968250508,1.004280433431772,0.0029784123351729126,0.0,2.2708063733380186
1327.614662527285,14.309722723403425,1.0079513210177313,0.9910984450090266,0.003014282913485073,0.0,2.2916394783444503
1327.635495632349,14.298558561608662,1.0183691231815637,1.001343959709283,0.0029828884553298467,0.0,2.3124725834084074
1327.656328737471,14.295950768371132,1.0208180495133938,1.003754040824928,0.0029755370550229986,0.0,2.3333056885305723
1327.6771618427101,14.302281819956562,1.0148828642800993,0.997920344859507,0.0029932627738259213,0.0,2.354138793769607
1327.6979949480665,14.30428072225831,1.0130161259340233,0.9960872704167423,0.0029941914777367575,0.0,2.374971899125967
1327.739661159068,14.305006429018857,1.012339251556624,0.9954272030380913,0.0029942524847617466,0.0,2.416638110127451
1327.760494264656,14.300305905552214,1.0167315154494425,0.9997491352321356,0.0029878024200628264,0.0,2.4374712157155045
1327.7813273703605,14.307058133051656,1.0104280513131638,0.9935541720989962,0.002998932435790845,0.0,2.4583043214199733
1327.802160476123,14.298378265493042,1.018538246438282,1.0015323587804754,0.0029801250807739636,0.0,2.4791374271824225
1327.822993581945,14.300381677589433,1.0166605616305469,0.9996896365465608,0.002979400808605025,0.0,2.4999705330044435
1327.8646597938784,14.2974599381247,1.0194001014819472,1.0023912536451645,0.0029664018792236596,0.0,2.5416367449379322
1327.9063260061025,14.296572439463265,1.0202337165786057,1.0032195228990755,0.002954634456935008,0.0,2.5833029571620045
1327.9271591123315,14.294388807955185,1.0222876743181315,1.005243797102037,0.0029400249024924235,0.0,2.6041360633910244
1327.947992218619,14.297876314961098,1.0190092393100483,1.0020247619222744,0.002942269684093381,0.0,2.6249691696784794
1327.968825324964,14.300930418185299,1.0161468622952705,0.9992150054391954,0.0029442750546027022,0.0,2.64580227602346
1327.989658431367,14.297367239396543,1.0194871402364898,1.002504736491449,0.00292800754793452,0.0,2.6666353824264206
1328.010491537828,14.299560234007032,1.0174300351821104,1.0004871828782405,0.0029343682048353463,0.0,2.687468488887589
1328.0313246443475,14.301607273002169,1.0155135873289343,0.998608105340888,0.002931487291421353,0.0,2.708301595406965
1328.0521577509255,14.301006194976813,1.0160759448278274,0.9991667428090945,0.0029344627663503197,0.0,2.7291347019850036
1328.072990857562,14.302557173057,1.014625512900188,0.9977462624038664,0.0029423270901537376,0.0,2.749967808621477
1328.093823964256,14.30734873138778,1.010157645465314,0.9933586900887549,0.0029628376925139046,0.0,2.7708009153154762
1328.114657071008,14.30074464461758,1.0163207437389699,0.9994254798852565,0.0029427685673802263,0.0,2.7916340220674556
1328.135490177819,14.29917751912486,1.017788735804163,1.000875441423548,0.0029391689445195214,0.0,2.812467128878552
1328.156323284688,14.304607157395134,1.0127116004426342,0.9958891952939624,0.0029541776506665845,0.0,2.8333002357474015
1328.177156391557,14.296357774823846,1.0204354504378839,1.0034914907274874,0.002935518633262567,0.0,2.8541333426164783
1328.197989498485,14.305315422601371,1.0120511872703188,0.995253314348984,0.0029547443015568615,0.0,2.874966449544445
1328.2188226054695,14.299738578538799,1.0172629244415972,1.0003856293404045,0.0029382397089179678,0.0,2.8957995565290275
1328.239655712513,14.302539442263921,1.0146420825437539,0.9978155095605481,0.0029435611895624434,0.0,2.9166326635725
1328.2604888195565,14.30675286938327,1.010712181415392,0.993958167244135,0.002954052526306464,0.0,2.9374657706159724
1328.2813219266586,14.296695566213097,1.0201180246282788,1.0032157261321046,0.0029226799002126055,0.0,2.958298877718107
1328.302155033819,14.297954312635365,1.0189360378311183,1.0020611206251908,0.0029232420447414752,0.0,2.9791319848784497
1328.322988140979,14.303843487478925,1.0134241579009875,0.9966484538307772,0.0029357189632976755,0.0,2.9999650920385648
1328.3438212481965,14.295740278757174,1.0210159727528887,1.0041227599635691,0.0029146916489572734,0.0,3.020798199255978
1328.364654355473,14.301607131949778,1.0155137192584278,0.9987198350634842,0.0029313093691700075,0.0,3.0416313065325085
1328.385487462749,14.303053655345206,1.0141616539660747,0.9973985816039961,0.0029384121412317043,0.0,3.062464413808584
1328.4063205700259,14.29735611193878,1.0194975887765445,1.0026549872973536,0.0029222896731637468,0.0,3.083297521085342
1328.427153677419,14.301280546491054,1.0158192279973346,0.9990462035870327,0.002941093470358285,0.0,3.104130628478515
1328.447986784753,14.301656910572508,1.0154671612498787,0.9987089265494389,0.0029379884746639708,0.0,3.124963735812571
1328.4688198921453,14.3104163853894,1.0073075603950963,0.9906930560090734,0.002964648426299061,0.0,3.1457968432048347
1328.4896529995958,14.306279402643598,1.0111530278702343,0.9944843721200568,0.0029589921798456004,0.0,3.166629950655306
1328.510486107047,14.301975045648222,1.0151696595218953,0.9984442714880654,0.0029575022424688656,0.0,3.1874630581064594
1328.531319214557,14.305797721971093,1.011601719664272,0.9949447303759769,0.002974867957365376,0.0,3.2082961656165025
1328.552152322008,14.303592454988971,1.01365849825089,0.9969774445139498,0.0029794633979795065,0.0,3.2291292730674286
1328.5729854295755,14.300154584764718,1.016873228818451,1.0001492729526702,0.0029772207455917225,0.0,3.2499623806349973
1328.593818537084,14.298916267938719,1.018033666853055,1.0013008049540169,0.002980580809617273,0.0,3.270795488143449
1328.6146516446515,14.300385405242677,1.0166570711403904,0.9999571665376693,0.0029863004353111637,0.0,3.2916285957110176
1328.6354847522196,14.30513662827032,1.0122178611953385,0.9956013271256332,0.003000195966675371,0.0,3.312461703279041
1328.6563178598456,14.300407324646093,1.0166365465493927,0.9999581369933858,0.002994808377512731,0.0,3.333294810905045
1328.677150967471,14.301012375658438,1.016070160711927,0.9994118624252537,0.0029919394220495857,0.0,3.354127918530594
1328.6979840750964,14.298323480042713,1.0185896424257506,1.001901048680871,0.0029841180296530387,0.0,3.3749610261559155
1328.718817182722,14.298745472753437,1.0181938244721043,1.0015228856486047,0.002989447508456317,0.0,3.3957941337814646
1328.7396502904055,14.310689121480923,1.0070545572965561,0.9905772110932974,0.0030336560861455824,0.0,3.416627241464994
1328.7604833980895,14.297923411753484,1.0189650379418933,1.0023043175896253,0.002994111295557571,0.0,3.437460349148978
1328.7813165057742,14.303233887633688,1.0139933170305575,0.9974254958970832,0.0030072904789132256,0.0,3.458293456833644
1328.802149613458,14.295327229820328,1.0214044739285064,1.0047274162355062,0.002989939361055692,0.0,3.4791265645174008
1328.8229827211414,14.30108623866214,1.0160010394641195,0.9994241595330322,0.003005160299983382,0.0,3.49995967220093
1328.843815828883,14.29643519606646,1.0203626882295953,1.0037268094255674,0.002989355473561864,0.0,3.5207927799424397
1328.8646489365665,14.299474898207558,1.0175100054522352,1.0009329268119,0.0029940947682621805,0.0,3.541625887625969
1328.8854820443094,14.304006503075094,1.0132720108683408,0.9967763742653212,0.003004193285193585,0.0,3.562458995368843
1328.906315152052,14.298101081610657,1.0187983081597147,1.002225328743173,0.002985055942454542,0.0,3.5832921031114893
1328.927148259794,14.306162455300807,1.011261947539732,0.9948242504885945,0.0030001404262954513,0.0,3.6041252108534536
1328.9479813675355,14.302189749612545,1.0149689299155948,0.9984838673577925,0.002991387429139911,0.0,3.624958318594963
1328.968814475277,14.300781541576024,1.0162862063376052,0.9997928122810322,0.002976139809345982,0.0,3.645791426336473
1328.98964758302,14.298136438712909,1.018765131436605,1.0022447581750364,0.0029676356446728066,0.0,3.666624534079574
1329.010480690762,14.302053575059299,1.0150962367215899,0.9986487179621919,0.0029703325438825154,0.0,3.6874576418215383
1329.0313137985625,14.298760917045387,1.0181793410545175,1.0016954217944738,0.002965529740412559,0.0,3.7082907496219377
1329.052146906304,14.297971000734737,1.018920376591215,1.00243817969273,0.0029637221290127074,0.0,3.7291238573634473
1329.0729800140462,14.306594626397823,1.0108595005967402,0.9945214611037495,0.002988823696582707,0.0,3.749956965105639
1329.093813121788,14.298245537568942,1.0186627672288762,1.0022126309270891,0.002984996248389549,0.0,3.770790072847376
1329.11464622953,14.29698342367854,1.0198476001327526,1.0033925233582037,0.0029772380953310435,0.0,3.7916231805895677
1329.135479337273,14.30219723463185,1.0149619327869968,0.9985999623014471,0.002990955552327653,0.0,3.8124562883324415
1329.1563124450145,14.306203865341772,1.011223378686713,0.9949360515471807,0.00300479028243827,0.0,3.833289396073951
1329.177145552756,14.300209532444928,1.0168217675050177,1.0004588752545625,0.0029903595328670766,0.0,3.8541225038154607
1329.1979786604984,14.307284649651233,1.010217268204401,0.9939753171952607,0.00301875416727624,0.0,3.87495561155788
1329.21881176824,14.303573526891817,1.0136761699410275,0.9973934683550125,0.003000866990462223,0.0,3.8957887192993894
1329.2396448759241,14.29702197587904,1.0198113881404118,1.003445236540124,0.0029826691965787475,0.0,3.916621826983601
1329.260477983667,14.305352640007502,1.0120164962704796,0.9957905712967653,0.003013351639258015,0.0,3.9374549347264747
1329.2813110913505,14.309891192211055,1.0077949338742092,0.991651911511262,0.0030168160141936513,0.0,3.958288042410004
1329.302144199034,14.304289497952066,1.0130079380488597,0.9967968559361294,0.0029928589512138283,0.0,3.9791211500935333
1329.3229773067178,14.299696685546984,1.0173021761579537,1.0010380289709875,0.0029778142879586644,0.0,3.99995425777729
1329.343810414402,14.303322028105935,1.013911004013984,0.9977168233763233,0.0029913783072980844,0.0,4.020787365461501
1329.364643522028,14.301278901071255,1.0158207674599844,0.9996120094336998,0.002976014042341151,0.0,4.041620473087505
1329.385476629712,14.300620042591373,1.01643738615192,1.0002348703185135,0.002974761826874699,0.0,4.062453580771489
1329.4063097373369,14.302563304995417,1.0146197825915142,0.9984624373012082,0.0029799720454754325,0.0,4.083286688396356
1329.4271428449624,14.29949426894559,1.0174918521072045,1.0013051579500567,0.002974770515430157,0.0,4.104119796021905
1329.447975952588,14.297339284602584,1.019513389632724,1.0033111003826858,0.0029738306775829266,0.0,4.124952903647454
1329.4688090601555,14.306315063527695,1.011119817207637,0.9950674914003568,0.002995888417929117,0.0,4.145786011215023
1329.489642167782,14.305229085708513,1.0121316679881214,0.9960800084107327,0.0029998059888133237,0.0,4.166619118841481
1329.510475275349,14.305662074750135,1.0117281127362194,0.9956997181848071,0.0030063843724501965,0.0,4.187452226408595
1329.531308382858,14.300867366213508,1.01620587471783,1.000123623057208,0.0030016364234932928,0.0,4.208285333917502
1329.552141490425,14.299531589454434,1.0174568779939077,1.0013720720577999,0.0030137886007417167,0.0,4.229118441484388
1329.572974597935,14.303586978506335,1.0136636111845299,0.9976560926441755,0.003029246748631979,0.0,4.2499515489944315
1329.593807705445,14.30439880596437,1.0129059571902348,0.9969278513007648,0.0030388551842392745,0.0,4.270784656504475
1329.614640812896,14.302329332012985,1.0148384537532387,0.9988474836684189,0.003042865667587566,0.0,4.291617763955401
1329.635473920347,14.300515878203774,1.016534906761809,1.000534994550684,0.0030388366166113293,0.0,4.312450871406554
1329.656307027798,14.30491185918854,1.0124274322034286,0.9965100259625318,0.0030535539768473292,0.0,4.33328397885748
1329.6771401352485,14.303511596260584,1.0137339919011439,0.9978140598256253,0.00306128596081736,0.0,4.3541170863079515
1329.697973242642,14.30464626641005,1.0126751224845438,0.9967899544389686,0.003054302834640979,0.0,4.374950193701579
1329.7188063500348,14.303557477564038,1.013691154189766,0.9978083378382008,0.003051801176905101,0.0,4.395783301094298
1329.7396394573695,14.30006400213269,1.0169580697730098,1.001042551934578,0.003044350483417155,0.0,4.416616408429036
1329.7604725647038,14.306675561736014,1.0107841496911756,0.9949837633192653,0.0030634665670103522,0.0,4.437449515763319
1329.781305672038,14.30940581440198,1.008245568798975,0.9925034622066395,0.003070579294650359,0.0,4.458282623097375
1329.8021387793146,14.3003311222416,1.0167079016978058,1.0008525574159288,0.0030504780149330493,0.0,4.479115730374133
1329.8229718865337,14.301175856134414,1.015917181445051,1.000093176663179,0.003054274569809283,0.0,4.499948837593138
1329.84380499381,14.301652933042103,1.0154708813606117,0.9996729619523994,0.003054031104872641,0.0,4.520781944869441
1329.864638101028,14.306238666328005,1.0111909665715633,0.9954788167738978,0.003062283797687581,0.0,4.541615052087536
1329.8854712081875,14.298701137524692,1.0182354025069877,1.0024332476032158,0.003036493510461878,0.0,4.562448159246969
1329.906304315347,14.309481460738764,1.0081753239028322,0.9925486849225973,0.003061320970275135,0.0,4.583281266406402
1329.9271374225068,14.29452610982402,1.0221584043049725,1.0063348227922937,0.003015491510651404,0.0,4.60411437356629
1329.9479705296094,14.303122546380573,1.01409730644818,0.998418284698338,0.003032665950960826,0.0,4.6249474806688795
1329.968803636654,14.302294849070677,1.0148706854973937,0.999199621581407,0.0030260508206672323,0.0,4.645780587713489
1329.9896367436975,14.311633120410757,1.006179349062247,0.9906623657571924,0.0030422820977085907,0.0,4.666613694756961
1330.010469850741,14.314915551516602,1.0031420302620018,0.9876918294583544,0.0030503373788040742,0.0,4.687446801800434
1330.031302957726,14.299635656196818,1.0173593604310802,1.00171054158335,0.00300866850895016,0.0,4.708279908785471
1330.0521360646535,14.306199091010301,1.0112278253710862,0.9956936810931756,0.0030319554026412244,0.0,4.729113015712983
1330.072969171581,14.306211845733682,1.0112159460072305,0.9957024722496821,0.0030298637305697356,0.0,4.749946122640495
1330.093802278508,14.307282534725015,1.0102192360277615,0.9947416481138406,0.0030392273089698977,0.0,4.770779229567552
1330.1146353853765,14.303086030427785,1.0141314135838961,0.9986146886851707,0.0030310043250447393,0.0,4.791612336435946
1330.135468492187,14.301806745213144,1.0153270336035076,0.9998129683709459,0.003031494201225444,0.0,4.812445443246588
1330.1563015989975,14.309217526337783,1.0084204336211635,0.9930328368220877,0.0030558450439257694,0.0,4.833278550057003
1330.1771347057506,14.302261419781793,1.014901933352509,0.9994366311286128,0.0030418432278561894,0.0,4.854111656810119
1330.1979678125035,14.305270104933935,1.0120934302719804,0.9966921879164633,0.0030522296982058656,0.0,4.874944763563008
1330.218800919198,14.302518471890508,1.0146616799641397,0.9992427979800464,0.00304947716071115,0.0,4.8957778702574615
1330.239634025834,14.307178475659823,1.010316062040022,0.9949846902258982,0.003058631795648794,0.0,4.91661097689348
1330.2604671324705,14.302201994288845,1.0149574834004385,0.9995773744862266,0.0030413785855120962,0.0,4.937444083529954
1330.281300239106,14.300327865803595,1.0167109511044685,1.0013261284972004,0.003037666173701685,0.0,4.958277190165518
1330.302133345626,14.308663495067417,1.0089351433839755,0.9936897961085461,0.0030490061651474365,0.0,4.979110296685576
1330.322966452146,14.300024058359817,1.0169954839157884,1.0016504511043025,0.0030204681455178735,0.0,4.999943403205407
1330.364632665069,14.297506126466692,1.0193567360688638,1.0040207632878007,0.0030082779000175095,0.0,5.041609616128426
1330.385465771472,14.299715133616164,1.0172848910187076,1.0020025685878073,0.0030206483376622882,0.0,5.062442722531387
1330.406298877875,14.296576654946966,1.0202297554228166,1.0049258602184425,0.00300173766533329,0.0,5.083275828934575
1330.427131984162,14.291786275116042,1.0247410589094856,1.0093923796773192,0.002989153531243783,0.0,5.104108935221575
1330.447965090508,14.300652624332692,1.0164068844490792,1.0012058564694277,0.003014529218185784,0.0,5.124942041567465
1330.468798196737,14.301576528558272,1.0155423437086362,1.0003771664015717,0.003020560895166558,0.0,5.145775147796485
1330.4896313029656,14.302162741706221,1.0149941777857532,0.9998602128217409,0.003027999567951519,0.0,5.16660825402505
1330.510464409136,14.305652440861492,1.011737089980577,0.996674760459648,0.0030428837797045914,0.0,5.1874413601954075
1330.531297515248,14.302124645650608,1.0150297922866391,0.9999417049672442,0.0030430461891427603,0.0,5.208274466307557
1330.552130621303,14.298003969857177,1.018889436846851,1.003767446283646,0.003043847189775779,0.0,5.229107572362409
1330.5729637273566,14.29526857479556,1.0214596550330546,1.0063231636268584,0.0030504304542961574,0.0,5.249940678416124
1330.593796833352,14.300857113717033,1.0162154706917805,1.0011803304810876,0.0030739899421944566,0.0,5.2707737844114035
1330.614629939348,14.301500778409384,1.0156131990112562,1.000610711482469,0.0030854355443635105,0.0,5.291606890407593
1330.635463045227,14.300612234122706,1.0164446962590947,1.0014538025375825,0.00308948953126397,0.0,5.312439996286457
1330.656296151107,14.301116570052159,1.0159726566090537,1.0010127046345443,0.0030940407051681896,0.0,5.333273102166459
1330.677129256929,14.295781946839647,1.0209767892373942,1.0059673658248007,0.003081764772954458,0.0,5.35410620798848
1330.697962362692,14.302319916792229,1.0148472542053761,0.9999521224107619,0.0031007311491676624,0.0,5.3749393137513835
1330.718795468455,14.304464838757593,1.0128443556930637,0.9980028673383335,0.0031080331407941737,0.0,5.395772419514515
1330.739628574101,14.306866026408265,1.010606848993558,0.9958224520994973,0.003118130355333485,0.0,5.4166055251605485
1330.7604616797476,14.298698401318482,1.0182379686050211,1.0033665357011705,0.003093461676013473,0.0,5.437438630807037
1330.7812947853365,14.296168701032824,1.0206131680074375,1.0057318160012103,0.0030861040585869843,0.0,5.458271736396
1330.802127890925,14.301636167729999,1.0154865617971918,1.0007047178580586,0.003101085162431834,0.0,5.479104841984508
1330.822960996397,14.297473048793403,1.0193877919206966,1.0045741239558366,0.0030927463705401263,0.0,5.499937947456374
1330.843794101869,14.298360087968655,1.0185552990692246,1.0037787832133405,0.003096163742350995,0.0,5.520771052928467
1330.8646272072829,14.30390725806522,1.0133646363021425,0.9986884597782485,0.003108799255308143,0.0,5.541604158342352
1330.885460312639,14.302192133825555,1.0149667011058143,1.0002925075424005,0.0030993618840179137,0.0,5.5624372636984845
1330.9062934179365,14.29634389377616,1.0204484967042158,1.005720479333954,0.0030893811853162302,0.0,5.583270368995954
1330.927126523176,14.30546639598695,1.0119104696900247,0.9973310066679838,0.0030998992994585705,0.0,5.604103474235444
1330.9479596283559,14.308562844581356,1.0090286785532443,0.9945160974532954,0.0031034030858180617,0.0,5.624936579415362
1330.968792733537,14.300061781988266,1.0169601492800642,1.0023591604387594,0.0030789370421830434,0.0,5.6457696845964165
1330.9896258386595,14.295618979223125,1.0211300480501109,1.0064950713067222,0.003062441462148475,0.0,5.666602789719036
1331.0104589436664,14.29491479548306,1.0217925445272356,1.0071740780175535,0.003060911747213847,0.0,5.6874358947259225
1331.031292048674,14.298986894481224,1.017967446477199,1.0034297189048693,0.00307312933771932,0.0,5.708268999733491
1331.0521251536215,14.298794239882424,1.0181480921162818,1.0036339099478973,0.0030724839777729633,0.0,5.729102104681033
1331.072958258511,14.299494337718908,1.0174917876566598,1.0030131745293602,0.0030759996969918083,0.0,5.7499352095705945
1331.0937913633425,14.301961981642217,1.0151818745168988,1.0007623899210014,0.0030855268148455507,0.0,5.770768314401948
1331.114624468116,14.301644151695834,1.0154790944398622,1.0010817587483873,0.003093838651932843,0.0,5.791601419175549
1331.13545757289,14.301285652192364,1.0158144510935632,1.0014388440608093,0.00309472844744191,0.0,5.812434523949378
1331.156290677547,14.30220338249466,1.0149561856920497,1.0006192889699141,0.003102300183875685,0.0,5.8332676286065634
1331.1771237821465,14.300220392622093,1.0168115967017743,1.0024752067755578,0.0031048505875643758,0.0,5.854100733205996
1331.197956886745,14.307676748764951,1.0098525076130787,0.9956408711523682,0.003127280821254939,0.0,5.8749338378045195
1331.218789991227,14.315755914925788,1.002365895420936,0.9882861563691709,0.0031499137457169386,0.0,5.8957669422864
1331.239623095652,14.30381376561844,1.0134519006101133,0.9992433744123613,0.0031179682627482034,0.0,5.916600046711437
1331.260456200077,14.307828034891944,1.009711804898543,0.9955826492462299,0.0031245789759830876,0.0,5.937433151136474
1331.281289304384,14.305115871379376,1.0122372127620478,0.9980998201066038,0.00311049786846298,0.0,5.958266255443505
1331.302122408692,14.304342741602113,1.0129582621538857,0.9988380193477429,0.0031030037230841984,0.0,5.979099359751444
1331.322955512884,14.303630680415965,1.013622811086118,0.9995206432340099,0.0030974314576101077,0.0,5.9999324639434235
1331.343788617075,14.29643880877068,1.0203592930564014,1.006191022966314,0.003069350694249642,0.0,6.020765568134493
1331.3646217211503,14.305678278582564,1.0117130135340389,0.9976922858606238,0.003088312048808153,0.0,6.04159867220983
1331.3854548251675,14.303044610226655,1.0141701028421093,1.000142973022835,0.0030776832730015392,0.0,6.062431776226958
1331.406287929184,14.297905134521573,1.018982191295521,1.0049163831712429,0.0030621282195713497,0.0,6.083264880243405
1331.427121033085,14.308733256761656,1.0088703184628787,0.9949717912917476,0.003088563573482898,0.0,6.104097984144573
1331.4479541369265,14.298871249014018,1.0180758794374427,1.0040785820666835,0.0030652401283664745,0.0,6.124931087985942
1331.4687872407105,14.306009404521802,1.0114045101047178,0.9975268973337231,0.0030820981815079538,0.0,6.145764191770013
1331.489620344495,14.296853205178612,1.0199699235740174,1.0060030778410989,0.0030651073069765285,0.0,6.1665972955545385
1331.510453448163,14.309960774071408,1.0077303491260357,0.9939591545921327,0.0031073198508791314,0.0,6.187430399222421
1331.5312865517722,14.306541193543715,1.0109092497320185,0.9971228467362665,0.0031115831315625536,0.0,6.208263502831642
1331.552119655265,14.301442618765366,1.0156676038325418,1.0018447693030534,0.003104863532281079,0.0,6.229096606324447
1331.572952758758,14.311817332932748,1.0060086491153597,0.9923455527078575,0.0031515512724075755,0.0,6.249929709817479
1331.593785862193,14.308160515646566,1.0094026521365005,0.9957219320795805,0.0031511814130960546,0.0,6.2707628132525315
1331.614618965512,14.299230626020217,1.0177389536584152,1.0039740506798145,0.003146032761944606,0.0,6.291595916571396
1331.63545206883,14.306059743361832,1.0113576186504438,0.9977077367203104,0.003168579505670409,0.0,6.312429019889578
1331.656285172031,14.304492695017279,1.0128183699210735,0.9991776198592083,0.0031739258798674556,0.0,6.333262123090435
1331.6771182751754,14.305997738703532,1.0114153773158774,0.9978224216122508,0.003183763351775226,0.0,6.354095226234904
1331.6979513782605,14.305277365054831,1.0120866626095768,0.9985136941483378,0.003186680839593384,0.0,6.374928329320028
1331.7187844812884,14.3012688151465,1.0158302039505132,1.002236239454246,0.0031756855745455758,0.0,6.395761432347854
1331.7396175842,14.301458654760665,1.0156526028400628,1.0020903087249928,0.003173999486595844,0.0,6.416594535259492
1331.76045068711,14.306069458238573,1.0113485693338533,0.9978730072531976,0.0031888647335139293,0.0,6.437427638169538
1331.781283789905,14.31252834343313,1.005350065055789,0.9919836043433156,0.003206453261712127,0.0,6.458260740964533
1331.8021168926416,14.310629091316224,1.0071102387060338,0.9937496908873046,0.0032058816207350955,0.0,6.479093843701094
1331.822949995319,14.308426731369806,1.009155183262843,0.9957969695908199,0.0032021092629310422,0.0,6.499926946378537
1331.843783097939,14.309309126688925,1.008335359761638,0.9950175251714188,0.003205762262980916,0.0,6.520760048998454
1331.864616200443,14.30573109671762,1.0116637976245062,0.9983317141799798,0.0031956718590428097,0.0,6.541593151502411
1331.885449302947,14.30612850529101,1.0112935692998353,0.997996153702397,0.003196927423001275,0.0,6.562426254006596
1331.9062824053335,14.309149693353161,1.0084834381560934,0.9952527657638479,0.003203847510183088,0.0,6.583259356393
1331.927115507604,14.307248405796297,1.010250991662358,0.9970270612946929,0.0031980701930912005,0.0,6.604092458663445
1331.947948609875,14.30784906514941,1.0096922473914058,0.996505632034143,0.0031955144510222217,0.0,6.624925560934571
1331.9687817120296,14.305622233434246,1.01176523899095,0.9985816985289592,0.0031850226258351728,0.0,6.645758663089055
1331.989614814126,14.307862085145176,1.009680139376673,0.9965539390805963,0.003188368561430628,0.0,6.666591765185558
1332.0104479161635,14.31694176166549,1.0012717038171233,0.9882848203324821,0.00321130613261568,0.0,6.687424867222944
1332.031281018084,14.307158383503324,1.010334758677538,0.9972606840544652,0.0031848736287806564,0.0,6.70825796914346
1332.0521141200056,14.30586850764035,1.01153576941757,0.9984766329208364,0.0031814668655535208,0.0,6.729091071065113
1332.0729472217527,14.303036483697301,1.014177693741186,1.001115093255556,0.0031749976213654367,0.0,6.749924172812143
1332.0937803235,14.307067876363078,1.0104189838518804,0.9974354083149982,0.0031890684175515747,0.0,6.770757274559401
1332.1146134251305,14.301833085996197,1.0153024012991,1.002286919642913,0.003181827237731468,0.0,6.791590376190015
1332.135446526702,14.313861150906206,1.0041166936508177,0.9912751906519669,0.003220912483600243,0.0,6.812423477761513
1332.156279628216,14.307662892034095,1.0098653959589174,0.9969812166242636,0.003210025719826183,0.0,6.833256579275485
1332.177112729613,14.305478525600453,1.0118991649050475,0.9990200248069377,0.0032070936448470155,0.0,6.854089680672587
1332.1979458309534,14.308974084056853,1.0086465656166133,0.9958397907857939,0.003221141489726939,0.0,6.874922782012845
1332.2187789321765,14.303901901057214,1.0133696362421256,1.0005340859991954,0.0032083623561247323,0.0,6.895755883236006
1332.239612033341,14.313070703267755,1.0048479860723645,0.9921513839217204,0.003233176788118523,0.0,6.916588984400505
1332.2604451344469,14.303759914250039,1.0135021680000087,1.0007275753943319,0.0032071320952001877,0.0,6.937422085506341
1332.281278235437,14.307018526457654,1.0104649114117488,0.997759944810115,0.0032093691616852825,0.0,6.958255186496444
1332.3021113539485,14.304089960449454,1.013194126598553,1.000486351625552,0.003191804470598079,0.0,6.979088305007963
1332.3229444547646,14.312843022651094,1.0050587263958628,0.992484319825322,0.003206184208875862,0.0,6.999921405824125
1332.343777555521,14.309238358929557,1.0084010847133973,0.9958163762426544,0.0031848383221767785,0.0,7.020754506580488
1332.364610656221,14.305171318659838,1.0121855203092507,0.9995852927607866,0.0031611570555229404,0.0,7.041587607280462
1332.385443756803,14.308925879766111,1.0086913482916706,0.9961662963596755,0.0031627824458599512,0.0,7.0624207078624295
1332.406276857327,14.307903286506491,1.0096418249069679,0.9971367551160967,0.0031492411981111387,0.0,7.0832538083864165
1332.427109957735,14.302244513185409,1.0149177370724876,1.0023793496318711,0.003128481034868678,0.0,7.104086908794443
1332.4479430580855,14.305949739182749,1.011460092161296,0.9989964147151709,0.0031359901963523597,0.0,7.124920009144944
1332.468776158377,14.309050280033288,1.0085757822045174,0.9961796252899777,0.003146396090913415,0.0,7.145753109436555
1332.4896092585518,14.310004500439963,1.007689765141495,0.995336523758686,0.0031570704660960126,0.0,7.166586209611296
1332.510442358611,14.300172016362888,1.0168569029529755,1.0044236743577493,0.00314903467048769,0.0,7.187419309670531
1332.5312754586116,14.310551177245578,1.007182513051776,0.9948997328014719,0.0031815848336139768,0.0,7.208252409671104
1332.552108558496,14.309350516580851,1.0082969212386386,0.9960328181542749,0.0031956940834197444,0.0,7.229085509555489
1332.572941658322,14.303006384157914,1.0142058098751454,1.0019023663298847,0.0031930199662539953,0.0,7.249918609381439
1332.5937747580895,14.304338171506236,1.0129625259208122,1.0007067295197631,0.003205498026288546,0.0,7.2707517091489535
1332.614607857682,14.313381905132495,1.0045600102691894,0.9924382421566896,0.003242227241819871,0.0,7.291584808741391
1332.635440957276,14.30247989872771,1.014697728688725,1.0024863971019367,0.0032151223010242857,0.0,7.312417908335419
1332.6562740566947,14.310245193552085,1.007466398634808,0.995374696146986,0.003239111807251432,0.0,7.333251007754143
1332.677107156055,14.307920334047608,1.0096259722759842,0.9975410959533051,0.0032324512826002335,0.0,7.354084107114431
1332.697940255358,14.302701510943972,1.0144906374415612,1.0023805074267063,0.0032162771957674062,0.0,7.374917206417422
1332.718773354543,14.307081637301032,1.0104061775875506,0.9983777170372271,0.003224323583406045,0.0,7.395750305602405
1332.739606453612,14.309506649092063,1.008151935181362,0.9961832205736639,0.003224770894253906,0.0,7.416583404671428
1332.7604395526225,14.310868344097198,1.0068883363894738,0.9949675609319197,0.003227120089285,0.0,7.437416503682016
1332.7812726515176,14.304045596326379,1.0132355274352238,1.0012728218575446,0.0032055361907118636,0.0,7.458249602577098
1332.802105750297,14.317235525264126,1.0010008301100248,0.9892154556771711,0.003236192484017948,0.0,7.479082701356447
1332.8229388490165,14.30142494773953,1.0156841345832417,1.0037593196148082,0.003187241342894198,0.0,7.499915800075996
1332.864605046165,14.312626418490577,1.00525925541731,0.9935232222624186,0.0032131528540130586,0.0,7.541581997224512
1332.885438144594,14.3036451806995,1.0136092739857183,1.0018093285256064,0.0031850216832795815,0.0,7.562415095653478
1332.9062712429065,14.302170765987542,1.0149866763607398,1.0032043799297379,0.0031784558607191125,0.0,7.583248193966028
1332.9271043411036,14.304775400547232,1.012554685170971,1.0008342905478094,0.00318297170564992,0.0,7.604081292163073
1332.947937439241,14.304463654349158,1.0128454605858055,1.0011554467811565,0.0031801079982817313,0.0,7.624914390300546
1332.968770537263,14.30197641901962,1.015168375412471,1.00348544223454,0.0031685527501497577,0.0,7.645747488322513
1332.9896036351674,14.309681561306704,1.0079895348822614,0.9964229345850634,0.003188062762199923,0.0,7.666580586226928
1333.0104367329564,14.296636316189812,1.020173695301945,1.0085014725447472,0.0031475596445420394,0.0,7.687413684015837
1333.031269830688,14.308022924096411,1.009530578308276,0.9980140259224541,0.003175617865083511,0.0,7.708246781747448
1333.0521029283016,14.306178876785086,1.0112466525753405,0.9997445438201915,0.003170881462090251,0.0,7.729079879361052
1333.072936025799,14.300230201047047,1.0168024109758618,1.0052713817796421,0.003155963269555434,0.0,7.749912976858468
1333.09376912318,14.309090245712548,1.0085386574644721,0.9971354003100581,0.0031863163774269194,0.0,7.770746074239469
1333.114602220503,14.305937269458655,1.0114717088879515,1.0000695075859292,0.0031837460770420658,0.0,7.791579171562489
1333.1354353177098,14.303628923480957,1.0136244513287802,1.0022323379878562,0.0031842483724743784,0.0,7.812412268769322
1333.156268414801,14.298517969653807,1.0184071972238928,1.0069959114427198,0.0031805976375116098,0.0,7.833245365860421
1333.1771015117745,14.307183386484073,1.0103114923541472,0.9990252867962408,0.0032105348000178616,0.0,7.854078462833968
1333.1979346086314,14.304678216011554,1.0126453232658785,1.0013675556210404,0.0032097229598535824,0.0,7.874911559690872
1333.218767705372,14.306722807565631,1.0107401663584994,0.9995181223263974,0.003218782043984659,0.0,7.895744656431589
1333.239600802054,14.30374974068559,1.0135116647616436,1.0022935111972355,0.0032149447225826434,0.0,7.916577753113415
1333.2604338985634,14.30297843818016,1.014231915053956,1.0030405366482595,0.0032103643625610917,0.0,7.937410849622893
1333.2812669950135,14.30741573218014,1.0100953105499921,0.9989842423468095,0.003217728761699932,0.0,7.958243946073026
1333.302100091289,14.295142667988078,1.0215781149138998,1.0103758571040118,0.0031776424269502907,0.0,7.9790770423485355
1333.322933187506,14.306889396218814,1.0105850965307406,0.9995381860822176,0.003199483060687242,0.0,7.999910138565383
1333.3437662836066,14.297018632370207,1.0198145286395683,1.0087019094033385,0.0031570363820553533,0.0,8.020743234666043
1333.3645993795908,14.301158281576164,1.015933625992177,1.0048984010839042,0.0031598841840133514,0.0,8.041576330650287
1333.38543247546,14.310377073100083,1.0073440336037736,0.9964369768084717,0.0031722288161813565,0.0,8.06240942651948
1333.406265571211,14.304728081871161,1.0125988154035497,1.0016699689615363,0.0031425879549548744,0.0,8.083242522270439
1333.427098666846,14.296001405398032,1.0207704412772236,1.009788848329964,0.0031137247280566007,0.0,8.104075617905437
1333.4479317623645,14.304271514702116,1.013024716826006,1.0021616902191224,0.003134939443193597,0.0,8.12490871342402
1333.468764857766,14.308453662043071,1.0091301524207805,0.998344047093684,0.0031474422657216854,0.0,8.145741808825505
1333.4895979530525,14.30461485117726,1.0127044241554584,1.0019154547688596,0.003142205014030754,0.0,8.16657490411194
1333.510431048223,14.298186863079032,1.0187178184770818,1.0079003913024507,0.0031418324294032137,0.0,8.187407999282414
1333.531264143217,14.309168620821598,1.0084658575762222,0.9977925957846903,0.0031787154493736667,0.0,8.208241094276445
1333.552097238153,14.300574529528946,1.016479995164709,1.0057575545930388,0.0031767772890980883,0.0,8.229074189212497
1333.572930332974,14.309984641819039,1.0077081964252423,0.9971136738555002,0.003218899614653079,0.0,8.249907284033497
1333.5937634276188,14.305382159269866,1.0119889816916765,1.0013850452688644,0.0032273910931975157,0.0,8.270740378678283
1333.6145965222065,14.30073161235065,1.0163329428741326,1.005719289561799,0.0032201464545439933,0.0,8.291573473265998
1333.63542961662,14.308087016430932,1.0094709862438935,0.998964605694008,0.003253968064142792,0.0,8.312406567679545
1333.656262710916,14.299716395206776,1.0172837089670128,1.0067319568308528,0.0032429484784532265,0.0,8.33323966197554
1333.677095805095,14.31516771355928,1.0029090777544674,0.9925419132053016,0.0032907903362289067,0.0,8.354072756154437
1333.697928899159,14.308174360767119,1.0093897804902956,0.9989913936468149,0.0032713928594439853,0.0,8.37490585021851
1333.718761993106,14.300124546916749,1.0169013619007257,1.0064616821010308,0.003261468893884474,0.0,8.395738944165487
1333.739595086879,14.310678030853712,1.0070648442554617,0.9967619393165741,0.0032819226747703594,0.0,8.416572037938522
1333.760428180535,14.302357449508444,1.0148121726492203,1.0044661269076074,0.0032572617712079573,0.0,8.43740513159446
1333.7812612740745,14.301034125530386,1.0160498066199857,1.0057273577078067,0.0032554986457308086,0.0,8.458238225133982
1333.802094367497,14.307301352522998,1.0102017272289594,0.9999747485844153,0.0032700233663437773,0.0,8.479071318556407
1333.822927460746,14.303514464170744,1.0137313141842528,1.0035048374423177,0.0032559974295730335,0.0,8.499904411805574
1333.843760553936,14.307773072782517,1.0097629197965683,0.9996126196834759,0.00326659300374794,0.0,8.520737504995395
1333.864593646894,14.306645028661109,1.0108125753639885,1.000687954481175,0.0032647034734467305,0.0,8.541570597953523
1333.885426739794,14.299422189091732,1.0175594035973392,1.007403726941997,0.0032418248605771494,0.0,8.562403690853444
1333.9062598325181,14.308207412909017,1.0093590529652294,0.999321497319818,0.0032642137760428864,0.0,8.583236783577604
1333.927092925126,14.308690444238382,1.0089101008109156,0.9989133199841008,0.003263767959441624,0.0,8.604069876185577
1333.947926017618,14.308260283112823,1.0093099031631705,0.9993455344537544,0.0032573706548716798,0.0,8.624902968677588
1333.9687591099355,14.305505102760133,1.0118743954661942,1.00192122328234,0.0032496336544654203,0.0,8.645736060994977
1333.989592202137,14.31060106883588,1.0071362322125093,0.997266057574583,0.0032595389584392344,0.0,8.666569153196406
1334.010425294163,14.30986669894455,1.0078176691097265,0.9979772794745491,0.0032577494137739902,0.0,8.687402245222529
1334.0312583860725,14.30108218274546,1.0160048348826023,1.0061213120936618,0.003229163998983678,0.0,8.70823533713201
1334.052091477807,14.298134053068175,1.018767369930938,1.0088939280318483,0.003221895585390795,0.0,8.729068428866412
1334.072924569426,14.306284318502469,1.0111484497099907,1.0013855719111362,0.003250223865335922,0.0,8.749901520485537
1334.093757660929,14.30022382598374,1.0168083813015658,1.007027832009255,0.0032373097040934956,0.0,8.770734611988473
1334.1145907522564,14.31199453901915,1.0058444689880297,0.9962060039316758,0.0032848807917736393,0.0,8.791567703315877
1334.135423843468,14.303089659123746,1.0141280242077306,1.0044471536073099,0.0032618018114138328,0.0,8.812400794527548
1334.1562569345047,14.302384747365947,1.014786658302627,1.0051365405989383,0.003269555349093593,0.0,8.833233885564141
1334.177090025366,14.30581369380025,1.0115868385071989,1.0020041182852044,0.00329669892259482,0.0,8.854066976425429
1334.1979231161126,14.301287935811668,1.0158123145423084,1.0062267343931932,0.00329191707532382,0.0,8.87490006717212
1334.2187562066845,14.305877272208381,1.0115276038629502,1.0020195111023733,0.003305193033283115,0.0,8.895733157743962
1334.2395892971385,14.302147786786769,1.0150081584015287,1.0055045759254888,0.003299057438293652,0.0,8.916566248198023
1334.260422387418,14.303824787687972,1.0134416124014587,1.0039899105722754,0.0033041585882562573,0.0,8.937399338477462
1334.281255477524,14.302383956646477,1.0147873973512627,1.0053604501335056,0.0033000579768357624,0.0,8.958232428583415
1334.3020885675119,14.306815100261282,1.0106542523312494,1.0013028965755921,0.0033039001821282034,0.0,8.97906551857136
1334.3229216573266,14.302478164677517,1.0146993492832959,1.0053479533342176,0.0032839225934463744,0.0,8.999898608386047
1334.343754747026,14.307458281490353,1.0100557263338805,1.0007843850009948,0.0032853665332413387,0.0,9.020731698085456
1334.36458783649,14.30903256667469,1.0085922368554339,0.9993715757908506,0.0032756892446691517,0.0,9.041564787549532
1334.385420925838,14.30938008084643,1.0082694659949225,0.9990890315814727,0.0032676244991528456,0.0,9.062397876897421
1334.406254015071,14.308192329816684,1.009373075120403,1.0002199501599955,0.0032521282061729988,0.0,9.083230966130486
1334.4270871040699,14.300367564914565,1.016673776528552,1.0074921176744585,0.0032227643496198625,0.0,9.104064055129356
1334.447920192953,14.30769899701268,1.0098318145400575,1.0007494020110559,0.003240005208416249,0.0,9.124897144012493
1334.468753281604,14.309989443493201,1.0077037398402193,0.998677884652109,0.003241929013875148,0.0,9.145730232663482
1334.489586370138,14.305880488706336,1.0115246072127162,1.0025021282438742,0.003231729198972678,0.0,9.1665633211976
1334.5104194585551,14.306332690849171,1.011103401443563,1.002122302598802,0.0032385723813392535,0.0,9.187396409614621
1334.531252546739,14.310759331776637,1.0069894371394867,0.9980823890086813,0.0032629787396537355,0.0,9.208229497798584
1334.5520856347498,14.296245850271875,1.0205406487974327,1.0115517900702264,0.003230615531442383,0.0,9.229062585809288
1334.5729187225857,14.308098627603233,1.009460190731292,1.0006066062642407,0.003274449641327589,0.0,9.249895673645142
1334.593751810304,14.31028455304529,1.00742987719621,0.9986317396031694,0.0032943768093379178,0.0,9.270728761363443
1334.61458489779,14.306143279925731,1.0112798077697758,1.0024858698710672,0.0032916846680764926,0.0,9.291561848849597
1334.6354179851596,14.305176033085798,1.0121811252606991,1.003417243049512,0.0032977211210960785,0.0,9.312394936219107
1334.6562510722956,14.310883821415322,1.0068739831608036,0.9981937839340332,0.003324047538976732,0.0,9.333228023355105
1334.677084159317,14.308960552829323,1.0086591361758002,1.000001382496887,0.003319131087853512,0.0,9.354061110376506
1334.697917246105,14.306850437855907,1.0106213589737933,1.0019847079497504,0.003314002771888696,0.0,9.374894197164394
1334.718750332776,14.308125065142473,1.0094356108026037,1.0008470298020027,0.003314537910039274,0.0,9.395727283835413
1334.739583419214,14.309817592979098,1.007863251985763,0.9993259630759733,0.0033132363121067443,0.0,9.416560370273373
1334.760416505478,14.302551586177794,1.01463073387812,1.0060743239997385,0.0032841342561381287,0.0,9.437393456537393
1334.781249591566,14.297868302284044,1.0190167595732966,1.010461766456045,0.0032597167207731115,0.0,9.458226542625425
1334.8020826774805,14.309541153941215,1.0081198964802986,0.9996944153570141,0.0032840922156676055,0.0,9.479059628539972
1334.822915763163,14.304346778961882,1.0129544954292324,1.0045268542810655,0.0032576147087259428,0.0,9.499892714222597
1334.843748848729,14.305678534434909,1.0117127751251926,1.0033336978106742,0.0032434531362047193,0.0,9.520725799788579
1334.8645819340604,14.305416454473015,1.0119570164505542,1.0036141927508222,0.003233849288655275,0.0,9.541558885119912
1334.88541501916,14.30856688709522,1.0090249216509597,1.0007444700466646,0.003223579475549461,0.0,9.56239197021955
1334.9062481041435,14.309399115568011,1.0082517895462182,1.0000158856440122,0.003211355645136821,0.0,9.583225055203002
1334.9270811888941,14.30977872367691,1.007899334085976,0.9997045316403129,0.0031957898162054375,0.0,9.604058139953622
1334.947914273469,14.304464121587635,1.0128450247154106,1.0046484536857356,0.003165141127972747,0.0,9.624891224528483
1334.968747357812,14.317311696151233,1.0009306063794758,0.9928684771138516,0.0031776033383160746,0.0,9.645724308871422
1335.010413525974,14.316621809711648,1.0015668086906,0.9935757440818683,0.003133251876984639,0.0,9.687390477033432
1335.0312466097348,14.30491208747271,1.0124272193330006,1.0043880586643585,0.0030863909685374807,0.0,9.708223560794295
1335.052079693322,14.313944952951278,1.0040391943607418,0.9961049050024999,0.00309599924156042,0.0,9.729056644381444
1335.0729127766745,14.315053842069307,1.0030142678913196,0.9951263358005762,0.003094483152324615,0.0,9.749889727733944
1335.093745859853,14.31454148555941,1.003487699799406,0.9956343509381084,0.0030867750428411013,0.0,9.770722810912503
1335.114578942799,14.305666269390274,1.0117242040269618,1.003845046300375,0.003062707100746528,0.0,9.791555893858458
1335.135412025512,14.308859234356934,1.0087532663806158,1.0009358132084236,0.0030643793170745124,0.0,9.812388976571583
1335.156245108051,14.311595022014242,1.0062146564345278,0.9984553759440087,0.0030600955945533042,0.0,9.83322205911054
1335.1770781903565,14.311486067971376,1.0063156355262046,0.9985941090229372,0.003042733685764327,0.0,9.854055141415984
1335.197911272488,14.30859004894997,1.0090033964966088,1.0012999107615985,0.003006556287487973,0.0,9.874888223547487
1335.218744354386,14.312904186848526,1.0050021087030958,0.9973677111533534,0.002991336093837721,0.0,9.895721305445477
1335.2395774360505,14.307582855710587,1.0099398421202772,1.0023066927593396,0.002945540408764176,0.0,9.916554387109954
1335.2604105174835,14.3129925907177,1.0049202817753475,0.9973636629149826,0.0029283404368078488,0.0,9.937387468542966
1335.281243598742,14.311343871335596,1.0064474392443588,0.9989180150462461,0.0028969347673812175,0.0,9.958220549801581
1335.3020766797085,14.308458410092133,1.00912573938843,1.0016150872089493,0.0028662443899647003,0.0,9.979053630768021
1335.3229097605,14.312570434520257,1.005311091079641,0.9978675200474306,0.0028581392307461388,0.0,9.999886711559384
1335.364575921386,14.306558778468505,1.010892876860699,1.0034858648940759,0.0028123760518411456,0.0,10.041552872445436
1335.38540900148,14.306370691027551,1.0110680139920991,1.0036987092972445,0.0027983305711122564,0.0,10.062385952539444
1335.406242081341,14.310697494941092,1.007046790678229,0.9997456564504262,0.0028005730041264997,0.0,10.083219032400393
1335.4270751609695,14.31101996703655,1.0067477343638627,0.9994876434401566,0.002777731847127869,0.0,10.104052112028967
1335.447908240307,14.313298957553439,1.0046367591180616,0.9974307106916657,0.002775700756473647,0.0,10.124885191366502
1335.4687413194686,14.311225732585811,1.0065569565568313,0.9993760528987328,0.0027559992726168803,0.0,10.14571827052805
1335.489574398398,14.306769699600888,1.010696514281839,1.0035251812293338,0.0027394458513865035,0.0,10.16655134945745
1335.510407477037,14.307721693162502,1.0098107053106635,1.0026847505215861,0.002733482007109498,0.0,10.187384428096493
1335.531240555502,14.307331863447612,1.0101733393428998,1.0030839569159586,0.002727914033275737,0.0,10.208217506561596
1335.552073633674,14.30759946845701,1.0099243892450118,1.0028758992460665,0.002728415929530213,0.0,10.229050584733386
1335.572906711555,14.306921292613989,1.010555408335781,1.0035417075477326,0.0027182853256776064,0.0,10.249883662614593
1335.593739789263,14.307395721831455,1.0101139269924937,1.0031424902128023,0.002716631505837613,0.0,10.270716740322541
1335.614572866679,14.30470250776587,1.01262266706623,1.0056732361250653,0.0027040291741635743,0.0,10.291549817738542
1335.635405943804,14.310179259276776,1.0075275816216225,1.000652261573477,0.0027139333043844694,0.0,10.312382894863504
1335.656239020755,14.314292846863033,1.0037175295164253,0.9969072282513565,0.0027223416636637477,0.0,10.333215971814525
1335.677072097415,14.300843659793061,1.0162280632260732,1.0093724040655536,0.0026915946776475234,0.0,10.354049048474508
1335.6979051737826,14.303118031993964,1.0141015229759118,1.0072996768324842,0.0026941744056864485,0.0,10.374882124842088
1335.7187382499174,14.307233112276528,1.0102652220087927,1.0035284459358147,0.0027011622269253093,0.0,10.395715200976838
1335.7395713257629,14.307868114365004,1.009674532520619,1.0029810325214497,0.0027015024669125565,0.0,10.416548276822368
1335.760404401317,14.305405841993604,1.0119669078269693,1.005297658543292,0.0026947192128472987,0.0,10.437381352376406
1335.7812374766374,14.306119721882604,1.011301750513954,1.0046763274042179,0.002697384555392883,0.0,10.45821442769693
1335.802070551667,14.313306524933036,1.0046297570109317,0.9980872474937378,0.0027100299872420165,0.0,10.479047502726416
1335.8229036264634,14.30822898449123,1.0093389990558177,1.0028052271823633,0.0026995178269415155,0.0,10.499880577522845
1335.843736700911,14.311087483504757,1.0066851317374366,1.0002078618243557,0.002704073425414629,0.0,10.520713651970482
1335.864569775126,14.306695127277523,1.010765934989521,1.0043019097807127,0.002691077708436155,0.0,10.541546726185516
1335.88540284905,14.304486816249458,1.0128238538868233,1.0063862687022909,0.0026868389132578938,0.0,10.562379800109511
1335.906235922683,14.302957073771953,1.0142518726437875,1.007844887151133,0.002683239780543678,0.0,10.583212873742468
1335.927068996025,14.311004677578769,1.0067619115970565,1.0004416415338997,0.0026999251877515796,0.0,10.604045947084387
1335.947902069075,14.311308359753879,1.006480358036992,1.000201264888831,0.0027006209763758213,0.0,10.624879020134586
1335.9687351418345,14.309989717149556,1.0077034858517309,1.0014562374560803,0.002697454384729049,0.0,10.645712092893973
1335.989568214246,14.304969050013044,1.0123741043007604,1.006137576296076,0.002690484458324956,0.0,10.666545165305479
1336.010401286423,14.308119435099702,1.0094408452051908,1.0032619651276486,0.0026982919443781614,0.0,10.687378237482562
1336.03123435831,14.311702182365295,1.0061153496283424,0.999996290923219,0.002698824711144374,0.0,10.708211309369517
1336.0520674298464,14.306908491636886,1.010567322991335,1.004460845630938,0.0026871172603716506,0.0,10.729044380905862
1336.072900501092,14.312344014841077,1.00552076074854,0.9994842533076096,0.0027005955133438146,0.0,10.749877452151395
1336.09373357199,14.305586106075197,1.0117989055611913,1.0057644473852831,0.002683098439681395,0.0,10.770710523049502
1336.1145666425964,14.312888761235147,1.0050163873870297,0.9990618692219947,0.0026982852955963,0.0,10.791543593655888
1336.1353997129108,14.306743145443725,1.0107212334743698,1.0047726441570815,0.002684236839192206,0.0,10.812376663970326
1336.156232782876,14.313627455715718,1.0043328442191928,0.9984613468634134,0.002702131923377,0.0,10.833209733935519
1336.177065852551,14.309876993430894,1.0078081134589163,1.0019559445791666,0.0026900119779961953,0.0,10.854042803610582
1336.197898921876,14.31224087999044,1.0056162804140358,0.9998164132084265,0.002694910592204034,0.0,10.87487587293549
1336.2187319909106,14.305730573696348,1.0116642849637074,1.0058693637330316,0.0026797912167091666,0.0,10.895708941970042
1336.239565059537,14.313755299639872,1.0042145923893617,0.9985018921995948,0.00269816988507988,0.0,10.916542010596459
1336.2603981278735,14.314843428208675,1.0032086692156525,0.9975412147968492,0.002703212107944975,0.0,10.937375078932973
1336.28123119586,14.311973562688715,1.0058639020046976,1.0002210887107443,0.002696254956389406,0.0,10.95820814691956
1336.302064263497,14.315537096525413,1.0025679317947451,0.9969831345736385,0.0027051060673995643,0.0,10.979041214556446
1336.3228973308435,14.313397197367367,1.0045458614737741,0.9989896629974292,0.002696927506817737,0.0,10.999874281902976
1336.343730397783,14.309349399289589,1.0082979588405117,1.002760785786594,0.002691590159310361,0.0,11.020707348842507
1336.3645634643726,14.311042068051703,1.006727241429781,1.0012384234197902,0.002690520246701319,0.0,11.04154041543211
1336.385396530613,14.31357567020397,1.0043807482408422,0.9989443729552071,0.0027000739049015616,0.0,11.062373481672466
1336.4062295965036,14.315676089882334,1.0024395936565242,0.9970533107121669,0.002701119441811443,0.0,11.083206547563123
1336.427062662045,14.311497452703183,1.0063050836320069,1.0009377808687012,0.0026929175804745764,0.0,11.104039613104533
1336.4478957272386,14.306703183016454,1.0107584355285562,1.0054073177563991,0.0026812495904275707,0.0,11.124872678298061
1336.468728792024,14.312086134233947,1.0057596172038477,1.0004747166060117,0.002693609583582883,0.0,11.145705743083454
1336.4895618564015,14.313294670285705,1.0046407261546644,0.9994014241181955,0.002698495068501437,0.0,11.166538807460938
1336.510394920487,14.307089050050319,1.0103992791696186,1.0051699042406037,0.0026839430194855493,0.0,11.187371871546475
1336.531227984109,14.309885745717517,1.0077999893953729,1.002623933572417,0.0026883979649011546,0.0,11.208204935168396
1336.55206104738,14.308357196466137,1.009219815680212,1.0040764008800644,0.002685182003502601,0.0,11.22903799843948
1336.5728941102454,14.307848613316768,1.0096926675781943,1.0045868055017215,0.002685181691821011,0.0,11.24987106130493
1336.5937271727605,14.308005774138433,1.009546524671361,1.0044813689211327,0.0026858603026755023,0.0,11.270704123819996
1336.6145602348674,14.307134770856234,1.0103567317290179,1.0053275196953777,0.0026872189372810157,0.0,11.291537185926927
1336.635393296568,14.307287758617722,1.0102143754878072,1.0052258852072578,0.002682783627969668,0.0,11.312370247627541
1336.6562263578026,14.316900908192313,1.0013093798162376,0.9964045325733085,0.002706313164311436,0.0,11.33320330886204
1336.677059418688,14.314887583256489,1.0031678712521712,0.9982936726030114,0.0026983249488407076,0.0,11.354036369747519
1336.697892479166,14.318786819860144,0.9995716262670693,0.9947545202374385,0.002710604883843695,0.0,11.374869430225544
1336.718725539236,14.314617884839288,1.003417090529846,0.9986212320446057,0.002700769977363528,0.0,11.395702490295434
1336.739558598841,14.303485046927403,1.013758780878849,1.00895369253691,0.0026764404917478846,0.0,11.416535549900573
1336.760391658038,14.310441741370933,1.0072840362890128,1.0025495870293646,0.0026917709559183536,0.0,11.437368609097575
1336.7812247167694,14.309235583791395,1.00840366218654,1.0037039531182057,0.0026921114696912543,0.0,11.458201667828916
1336.8020577751515,14.308346521341607,1.0092297385326752,1.0045662219736409,0.0026870238232395167,0.0,11.479034726211012
1336.822890833011,14.309376920108857,1.0082724012197124,1.0036533207213114,0.002685778986386622,0.0,11.499867784070375
1336.843723890462,14.313827096332826,1.0041481886877786,0.999587857513176,0.0026977314581452935,0.0,11.520700841521375
1336.8645569474475,14.310254645257196,1.0074576283333099,1.0029222615270068,0.0026907264939773304,0.0,11.541533898506941
1336.8853900040244,14.313573564451152,1.0043826962090805,0.9999010504009985,0.002699401634387455,0.0,11.562366955083917
1336.906223060078,14.311030687060294,1.0067377942823856,1.0022856185154232,0.0026944013842664137,0.0,11.583200011137478
1336.9270561157255,14.313785878549513,1.0041863098703485,0.9997853013059611,0.002698851425941187,0.0,11.60403306678495
1336.947889170849,14.31170055889734,1.0061168540428058,1.0017473506643504,0.0026917012881439236,0.0,11.624866121908553
1336.968722225564,14.311202863416625,1.0065781581743738,1.0022466414427231,0.002692548555685874,0.0,11.645699176623566
1336.989555279755,14.312866019761085,1.0050374383507623,1.0007524864814523,0.002695305895249918,0.0,11.666532230814482
1337.01038833348,14.312726278167142,1.0051668017923823,1.000921243507964,0.002695086510239722,0.0,11.68736528453951
1337.031221386683,14.31427737024288,1.0037318371038424,0.9995322324020728,0.0027005362536290044,0.0,11.708198337742488
1337.05205443942,14.31445755870249,1.0035652718867885,0.9994062556456144,0.0026992518578214902,0.0,11.729031390479577
1337.07288749169,14.315278577461324,1.0028066765110788,0.9986906694640245,0.0027014449495287194,0.0,11.749864442749413
1337.0937205434366,14.3102028253866,1.007505713282094,1.003410475889996,0.0026912991871617304,0.0,11.770697494496062
1337.1145535946584,14.317411363181662,1.0008387284425542,0.996810385896867,0.0027072169792719545,0.0,11.791530545717933
1337.135386645358,14.315931842724817,1.002203489729013,0.9982095080315271,0.0027022961750142018,0.0,11.812363596417526
1337.1562196955335,14.313922274740229,1.0040601663523308,1.0000987169950388,0.002703750626434912,0.0,11.833196646593024
1337.177052745185,14.318583520888224,0.9997588088529588,0.9958540933027422,0.002708949856632102,0.0,11.854029696244424
1337.197885794312,14.315987270475551,1.0021523276999138,0.9982781261760618,0.0027037949892113364,0.0,11.874862745371502
1337.218718842915,14.312591775199934,1.0052913313893643,1.0014449850792246,0.002695134752976339,0.0,11.895695793974483
1337.239551890995,14.315173282825766,1.0029039333615968,0.9991066187635457,0.00270367869914975,0.0,11.916528842054504
1337.260384938492,14.31606187212967,1.0020834715149798,0.9983291311621662,0.002702720092135951,0.0,11.93736188955154
1337.3228840776678,14.31693483595736,1.0012780907623748,0.9976462865012797,0.0027049310333325926,0.0,11.99986102872731
1337.364550167598,14.316634242292256,1.001555339985094,0.9980022401101017,0.0027063687547111163,0.0,12.041527118657541
1337.385383211662,14.312936469626628,1.0049722268795112,1.0014469976003282,0.0026996101414971125,0.0,12.062360162721461
1337.4062162551436,14.314572132414387,1.0034593749560063,0.9999793860855518,0.0026999292601829644,0.0,12.083193206203077
1337.4270492981009,14.314157545752742,1.0038426175052602,1.0004012492031806,0.002698724528136245,0.0,12.10402624916037
1337.447882340359,14.317326964303522,1.000916530903859,0.9975250265930075,0.0027106512892869257,0.0,12.124859291418488
1337.489548423131,14.318108469089331,1.0001963379096734,0.9968868839569732,0.0027064320533123293,0.0,12.166525374190542
1337.5103814635859,14.317614363050158,1.0006516193296657,0.9973804819396803,0.002707839691726135,0.0,12.18735841464536
1337.531214503459,14.311074681346362,1.0066970018569326,1.003446165711701,0.002693150619142616,0.0,12.208191454518555
1337.552047542632,14.315738144771853,1.0023823011942254,0.999185288719057,0.0027018963486618065,0.0,12.22902449369144
1337.572880581223,14.31484084730656,1.0032110539445058,1.0000513212835866,0.002700536646054072,0.0,12.249857532282476
1337.5937136191164,14.31565073085829,1.0024630074346799,0.9993455234749078,0.002711108976501789,0.0,12.27069057017593
1337.61454665637,14.317558091004724,1.000703482915278,0.9976312919361107,0.002707996803892852,0.0,12.291523607429554
1337.6562127289556,14.31472341912446,1.0033195624576003,1.0003191855070586,0.002698210882192941,0.0,12.333189680015039
1337.677045764229,14.318072061347362,1.0002298778253387,0.9972785374605087,0.0027083464189142253,0.0,12.354022715288465
1337.6978787988623,14.315308369834026,1.002779160084683,0.9998601943123675,0.0027092611963955523,0.0,12.374855749921835
1337.71871183274,14.31467342140935,1.003365765983334,1.0004850101710612,0.00269782112230892,0.0,12.395688783799415
1337.8020439615534,14.315942421111453,1.002193725253712,0.9994757918734241,0.0027015024342770884,0.0,12.479020912612896
1337.864543050729,14.314948038404847,1.003112015166863,1.0005112591750898,0.002700539815320316,0.0,12.541520001788513
1337.9062091065505,14.314535692784002,1.003493053765084,1.0009710997617818,0.002700288177292615,0.0,12.583186057609964
1337.9270421333836,14.312737777542903,1.0051561558090438,1.0026699764014895,0.0026999550612105037,0.0,12.604019084443053
1337.947875159519,14.314579884718167,1.0034522101455297,1.0010101275927705,0.002702320762905631,0.0,12.624852110578558
1337.968708184839,14.317673091027345,1.0005974950811631,0.9982021240906389,0.002705736212194143,0.0,12.645685135898475
1338.010374233386,14.317253451172164,1.0009843033509294,0.9986675503360283,0.0027077233884729578,0.0,12.68735118444556
1338.031207256495,14.315508804655991,1.0025940568244247,1.0003134060590337,0.002702843783581982,0.0,12.708184207554496
1338.0520402789039,14.316844390900657,1.0013615036810815,0.9991234299180412,0.0027044950494217765,0.0,12.729017229963347
1338.072873300557,14.317993067286418,1.0003026534166528,0.998106672227869,0.0027085261798724665,0.0,12.749850251616408
1338.0937063214535,14.31466886451646,1.0033699771719267,1.0012071040470685,0.0026991202972543684,0.0,12.770683272512997
1338.197871414761,14.318273527687156,1.0000442950321757,0.998087043056547,0.002709523393381635,0.0,12.874848365820526
1338.2187044312345,14.316614992092076,1.0015730978084234,0.9996525850850394,0.0027053174180381103,0.0,12.895681382294015
1338.260370461911,14.318362362114366,0.9999624752241161,0.9981243625774137,0.002708572573047228,0.0,12.937347412970439
1338.28120347623,14.315713836541772,1.0024047434893852,1.0006018829134808,0.0027017219933003407,0.0,12.958180427289562
1338.302036489793,14.318787922092685,0.9995706115087781,0.9978124696255272,0.002710834199964799,0.0,12.979013440852441
1338.3228695027146,14.318427448843952,0.9999025321770217,0.9981834329372741,0.002711583296690237,0.0,12.999846453774126
1338.34370251488,14.31314172853846,1.0047822543913316,1.0030945777698401,0.002700395359093794,0.0,13.020679465939565
1338.364535526406,14.31599748370111,1.0021429007695182,1.0004993559661324,0.0027035521989632835,0.0,13.041512477465403
1338.385368537291,14.316788145588447,1.001413379402859,0.999810692308517,0.002705293971951198,0.0,13.062345488350502
1338.406201547594,14.317727048196872,1.0005477702337118,0.998986086655366,0.0027103568644354812,0.0,13.083178498653524
1338.4687005747196,14.315509694726543,1.0025932349129183,1.0011474023723566,0.002704189514916922,0.0,13.145677525779092
1338.4895335826359,14.311907700373936,1.005924921001811,1.0045140781881403,0.0026928527410035423,0.0,13.166510533695373
1339.718682182564,14.31439318753209,1.0036247730675552,1.0045369049019344,0.00270018845707388,1.0,14.39565913362344
1339.7395152617485,14.31585843073513,1.0022712559500604,1.0032209438936044,0.0027043318357108594,1.0,14.416492212807952
1339.7603483429104,14.313913330829987,1.0040684374783688,1.0050586653205096,0.002700197837375116,1.0,14.437325293969934
1339.781181425994,14.315814773989445,1.0023115574347545,1.0033388019769987,0.0027106512882206025,1.0,14.45815837705345
1339.843680686653,14.317297048454002,1.0009441100531176,1.0020859295194446,0.002709273410437087,1.0,14.520657637712475
1339.864513777188,14.314879485564614,1.0031753531566892,1.0043584236628065,0.0027078416903377296,1.0,14.541490728247481
1339.8853468695256,14.318950256780115,0.999421171108717,1.0006383559411491,0.0027158545544173026,1.0,14.562323820585107
1339.9061799635515,14.317966871889503,1.0003267878620452,1.0015836328466063,0.0027167939652141156,1.0,14.583156914610981
1339.927013059208,14.313608477781317,1.0043503994313419,1.0056509915377787,0.002709735338685007,1.0,14.60399001026758
1339.947846156553,14.312557474452863,1.0053230912111615,1.006663653022188,0.0027137169532843986,1.0,14.624823107612428
1339.9686792555265,14.314795460521907,1.0032529918255255,1.0046294030650014,0.002728594052656135,1.0,14.645656206585954
1339.989512356014,14.31599369954168,1.0021463935839807,1.0035598334373488,0.00274001278960107,1.0,14.666489307073562
1340.0103454580149,14.315560260476797,1.002546542448973,1.0039990891330592,0.002752680162631387,1.0,14.68732240907434
1340.03117856153,14.321731382162309,0.9968644186196223,0.9983470362743394,0.0027767722897907065,1.0,14.708155512589428
1340.0520116664995,14.318957868038304,0.9994141649631401,1.0009389553581323,0.002780506396002289,1.0,14.728988617559025
1340.0728447728661,14.315159817164314,1.0029163717868075,1.0044850007219892,0.0027818548527397493,1.0,14.749821723925606
1340.093677880572,14.31256284323348,1.005318120071986,1.006929071271165,0.0027864129883110895,1.0,14.770654831631418
1340.1145109896734,14.317793118144609,1.0004868860822287,1.0021284556895782,0.0028053163677255986,1.0,14.79148794073285
1340.1353441000565,14.321933405046723,0.9966789493599267,0.9983524639604466,0.0028209046217088207,1.0,14.812321051115987
1340.15617721172,14.316286018197758,1.0018766165852138,1.0035972298413491,0.0028168585833227284,1.0,14.833154162779465
1340.1770103246065,14.317587971467592,1.0006759430103935,1.0024327978200596,0.002830244170914209,1.0,14.853987275665986
1340.197843438656,14.312001861956363,1.005837684917443,1.0076420822779084,0.0028360488701045174,1.0,14.874820389715524
1340.218676553928,14.321135282588662,0.9974118753653339,0.9992392943792305,0.002855635185741647,1.0,14.895653504987422
1340.239509670364,14.321221545038675,0.9973326334888816,0.9991980190678476,0.0028624926444386343,1.0,14.916486621423473
1340.260342787848,14.32276706477905,0.9959139640964805,0.997814732348133,0.0028744853220957676,1.0,14.93731973890749
1340.281175906438,14.32423953458488,0.9945642262078884,0.9965003817968523,0.002887318089169783,1.0,14.958152857497453
1340.3020090260761,14.325091867690617,0.9937837720192215,0.9957563194496711,0.002897949399958221,1.0,14.978985977135608
1340.322842146704,14.322030036665506,0.996590247874138,0.998606362980941,0.0028929495197125435,1.0,14.99981909776352
1340.343675268379,14.321866471848253,0.9967403942725729,0.9987947937191434,0.0028987830616675923,1.0,15.020652219438489
1340.3645083909855,14.312822523746988,1.0050777022731112,1.0071875619456363,0.0028790918172187452,1.0,15.041485342045007
1340.3853415145236,14.318267939888553,1.000049441826093,1.002186808256626,0.002896367070050662,1.0,15.062318465583076
1340.406174639051,14.322059923208823,0.9965628155866715,0.9987306376335944,0.002910985047278559,1.0,15.083151590110447
1340.427007764393,14.32258608221866,0.9960799879258915,0.9982846262436021,0.002916940200872629,1.0,15.103984715452498
1340.447840890609,14.322369374261942,0.996278820756163,0.9985217512189227,0.002918418756276268,1.0,15.124817841668573
1340.4686740176976,14.321616217910721,0.9969701618314746,0.999252503569428,0.0029185945438013066,1.0,15.145650968757082
1340.4895071456006,14.320230427999807,0.9982434667692462,1.000566604543794,0.0029366781709735668,1.0,15.166484096660042
1340.5103402743189,14.320435806166092,0.998054656612175,1.0004152064413492,0.002929219059755859,1.0,15.187317225378365
1340.5311734037946,14.32561339365099,0.9933065294103203,0.9956934974107168,0.0029453025757230464,1.0,15.20815035485407
1340.5520065340256,14.322816227364537,0.9958688697202429,0.9982997172438912,0.0029419563356589194,1.0,15.22898348508511
1340.5728396650145,14.327546921123565,0.9915391789825989,0.9939969936601508,0.002953482429118833,1.0,15.249816616073986
1340.5936727967014,14.32336056330339,0.9953697140797946,0.997874681121506,0.0029407564532668027,1.0,15.2706497477609
1340.614505929087,14.31915215031881,0.9992353451991715,1.0017878207563171,0.0029297736725467554,1.0,15.291482880146532
1340.6353390621705,14.320015251708295,0.9984413229451191,1.0010294971924703,0.002927068884138028,1.0,15.312316013229974
1340.656172195894,14.32319072161203,0.9955254319220965,0.9981436409600792,0.0029332303539666713,1.0,15.333149146953474
1340.6770053303164,14.329271014162494,0.9899659154186626,0.9926068631525706,0.00294759794677819,1.0,15.35398228137592
1340.697838465321,14.32608885435165,0.9928716403253909,0.9955577855549355,0.002936260349128114,1.0,15.374815416380443
1340.718671600966,14.32289066717175,0.9958005937015479,0.9985321959214997,0.0029303175406964377,1.0,15.395648552025477
1340.7395047371936,14.32473761728541,0.9941080733929876,0.9968724782249558,0.002936396006492184,1.0,15.416481688253043
1340.7603378740025,14.32417779214113,0.9946207855927217,0.9974240571487017,0.0029372280272041505,1.0,15.437314825062003
1340.7811710113356,14.320686584151561,0.9978241574983819,1.000673994940704,0.0029327217474092054,1.0,15.45814796239506
1340.8020041493091,14.322586728022571,0.9960793954503353,0.9989616972772359,0.002941896500664508,1.0,15.478981100368628
1340.8228372877484,14.325998888390757,0.9929539147781288,0.9958644786374142,0.0029555718514648,1.0,15.499814238807858
1340.843670426769,14.325201636946185,0.9936833043456308,0.9966333159426719,0.002953281343752598,1.0,15.520647377828482
1340.8645035662562,14.331616260183843,0.987829845986396,0.9907995459406845,0.002966175325785529,1.0,15.541480517315676
1340.885336706267,14.325508435695117,0.9934025568447631,0.9964262601787268,0.0029476284133095366,1.0,15.562313657326513
1340.906169846743,14.322229377298482,0.996407291190876,0.9994774793541213,0.0029391312348064284,1.0,15.583146797802556
1340.9270029877425,14.322542862116912,0.9961196398552571,0.9992262445272315,0.002938255888557473,1.0,15.603979938802013
1340.947836129151,14.33135250278627,0.9880698481878314,0.9911883254496904,0.0029552574782412185,1.0,15.624813080210515
1340.9686692710245,14.327183768441403,0.9918708804921627,0.9950384496610712,0.0029452021478782488,1.0,15.645646222083997
1340.989502413363,14.322205942714575,0.996428797927197,0.9996481637500422,0.002927495266429055,1.0,15.666479364422457
1341.0103355561096,14.32720422796756,0.9918521899327667,0.9950938139208929,0.0029450546890594704,1.0,15.687312507169054
1341.031168699322,14.322584847816941,0.996081120395769,0.9993737432811506,0.002932483448322687,1.0,15.708145650381539
1341.0520018428824,14.327495372678639,0.991586256270716,0.9949010068620916,0.00295191609064575,1.0,15.728978793941906
1341.072834986851,14.322138365563614,0.9964908184387802,0.9998591077576579,0.0029429577873987364,1.0,15.749811937910408
1341.093668131228,14.324656841258403,0.9941820352700698,0.9975795526625474,0.002952419181399615,1.0,15.770645082287501
1341.1145012760117,14.328055932507585,0.9910744376954911,0.994498226514899,0.002961722618478312,1.0,15.791478227071138
1341.135334421086,14.328304366966618,0.9908476893623438,0.9943075522517272,0.0029606791435938112,1.0,15.812311372145587
1341.1561675665685,14.327626894569951,0.9914661466155643,0.9949650240571873,0.0029556742052924403,1.0,15.833144517627943
1341.1770007124585,14.321836463914043,0.9967679428920102,1.0003225580589192,0.002941929848824858,1.0,15.85397766351798
1341.1978338586384,14.324518482570683,0.9943087350024433,0.9978914901252247,0.002943008670381505,1.0,15.87481080969792
1341.218667005169,14.328413004556298,0.9907485511747398,0.9943552307720095,0.0029574392453451627,1.0,15.895643956228469
1341.23950015199,14.322430443064217,0.9962227851896782,0.9998863228905597,0.0029321367326926332,1.0,15.916477103049374
1341.26033329916,14.32730263133242,0.9917622996171591,0.9954461732351506,0.002943530409371425,1.0,15.937310250219525
1341.281166446679,14.328711371772062,0.9904763245769396,0.9941920874651685,0.0029464462972813845,1.0,15.958143397738468
1341.30199959449,14.32964412691885,0.989625772527302,0.9933749529940176,0.00294427925158451,1.0,15.978976545549585
1341.3228327425336,14.333752755441466,0.9858879206507901,0.9896593849435447,0.0029558921033678923,1.0,15.999809693593079
1341.3436658909254,14.32934337076045,0.989899943427826,0.9937233232583085,0.0029422700922557155,1.0,16.02064284198491
1341.364499039609,14.32882685459909,0.9903709795376151,0.9942327372532458,0.0029476757282590883,1.0,16.04147599066846
1341.3853321885845,14.333651643963986,0.9859797378211684,0.9898607435442719,0.0029603449634232016,1.0,16.062309139643958
1341.4061653377914,14.326788578327552,0.9922319708839319,0.996174162072753,0.002950324556374297,1.0,16.083142288850922
1341.4269984872894,14.327087011065174,0.991959276826344,0.9959369238261191,0.0029537671599694283,1.0,16.103975438348925
1341.4478316370792,14.329658935642504,0.989612274778421,0.9936169373342093,0.0029628479045716877,1.0,16.12480858813865
1341.468664787102,14.327516932219115,0.9915665664679054,0.9956156096289085,0.002963225635373745,1.0,16.14564173816143
1341.4894979373566,14.320592592056613,0.9979105427936789,1.00202217085854,0.002950072957738835,1.0,16.166474888416133
1341.5103310878449,14.324975189222513,0.9938905745724617,0.9980221444448333,0.0029696020080777347,1.0,16.187308038904348
1341.5311642386246,14.332364727439735,0.9871491064973792,0.9912888837609904,0.0029937803914118935,1.0,16.208141189684056
1341.5519973895775,14.328962070229563,0.9902476482003341,0.9944367384916138,0.002991071490216519,1.0,16.228974340637023
1341.572830540764,14.32368135431939,0.9950756661386977,0.9993216495660837,0.002979877399346998,1.0,16.249807491823503
1341.593663692242,14.32576065340206,0.9931718151469505,0.9974460478770826,0.002986144575681041,1.0,16.270640643301476
1341.614496843894,14.331928184068127,0.9875460906284502,0.991832252215474,0.0030056219585276826,1.0,16.29147379495339
1341.6353299957204,14.321692203448114,0.9969003910507231,1.001263608437394,0.0029723075519296222,1.0,16.312306946779927
1341.6561631477805,14.325763145082814,0.9931695358969401,0.9975527165018115,0.002974684948706875,1.0,16.333140098839976
1341.6769963000734,14.327744637831323,0.9913586323524536,0.9957700204504927,0.002974872529780507,1.0,16.353973251132857
1341.7186626052394,14.326673223085061,0.9923373972662723,0.9968255308197864,0.002968798760858746,1.0,16.395639556298875
1341.739495758056,14.331413496515696,0.9880143426497925,0.9925189216491086,0.002975809194168784,1.0,16.416472709115396
1341.7603289111055,14.32463762832491,0.9941996282380902,0.998768602553788,0.002955610170469033,1.0,16.437305862164976
1341.781162064329,14.328936320025502,0.9902711339985266,0.9948580805856815,0.0029690772269445613,1.0,16.458139015388497
1341.801995217786,14.327339829178399,0.9917283219445389,0.9963580697494623,0.002966858071490773,1.0,16.47897216884553
1341.8228283713595,14.328416354361861,0.9907454944378696,0.9954066428611287,0.00297005809920516,1.0,16.49980532241898
1341.8436615251064,14.32952099740987,0.9897380088555938,0.9944303426462223,0.0029716593785895818,1.0,16.520638476165914
1341.8644946790291,14.337095503570675,0.9828572516842098,0.9875526125411893,0.0029861935536093457,1.0,16.54147163008861
1341.885327833126,14.335490735084926,0.9843110344185223,0.9890490145794743,0.0029768177888301116,1.0,16.56230478418547
1341.9061609873395,14.3243749877641,0.9944401551096778,0.9992629060113003,0.002949562230446047,1.0,16.583137938398977
1341.926994141785,14.3271835547271,0.9918710757302088,0.996717261141216,0.0029402799945774725,1.0,16.603971092844404
1341.947827296348,14.332111295164218,0.9873795534912773,0.9922394976592435,0.002946703145362653,1.0,16.624804247407383
1341.968660451027,14.32710797256254,0.9919401259948974,0.9968583588877604,0.0029246541930248323,1.0,16.64563740208655
1341.9894936058804,14.328212878237569,0.9909311859012152,0.9958801942137413,0.0029259192601441748,1.0,16.666470556939885
1342.0103267609088,14.326753656786824,0.9922638854744936,0.9972553481030453,0.002915718696234061,1.0,16.687303711968298
1342.0311599160536,14.326900442240738,0.9921297460222862,0.9971562996879781,0.0029167115655421233,1.0,16.708136867113126
1342.0519930713144,14.330422294872871,0.9889167428806418,0.9939626409804795,0.0029295752298440776,1.0,16.728970022373915
1342.0728262267494,14.335287405189712,0.9844953873029983,0.9895541619414645,0.0029531443282291175,1.0,16.74980317780887
1342.093659382244,14.335268356899727,0.9845126595630993,0.9896069326368112,0.0029471911341821125,1.0,16.7706363333034
1342.1144925379126,14.341258001310756,0.9790963853054557,0.9841978200332494,0.00296894357980808,1.0,16.791469488972098
1342.1353256937555,14.333354058131796,0.9862500187729962,0.9914241432316067,0.0029477950869135337,1.0,16.812302644814963
1342.156158849657,14.330765520425764,0.9886041735377082,0.993826122487484,0.0029421656217163386,1.0,16.83313580071649
1342.218658318177,14.32540505821749,0.9934971473533319,0.9988517238403426,0.002926705216751381,1.0,16.895635269236436
1342.2394914745441,14.319301274014542,0.999098111648049,1.0045186142996927,0.0029065551463639955,1.0,16.916468425603625
1342.260324631028,14.321160194307613,0.9973889904701297,1.0028358704154585,0.0029064120391360344,1.0,16.937301582087457
1342.2811577876855,14.32539255457186,0.9935085888137347,0.9989697603714642,0.002910728256390332,1.0,16.958134738745002
1342.301990944402,14.32460338725678,0.9942309829943045,0.9997316067193632,0.0029061619237390956,1.0,16.978967895461437
1342.322824101235,14.321753648331832,0.9968439752334288,1.0023946016315013,0.002895995082318326,1.0,16.999801052294515
1342.3436572581254,14.329924873139106,0.9893699113187443,0.9949141727588521,0.0029146141408457286,1.0,17.02063420918489
1342.3644904151324,14.32887212014613,0.9903296907333183,0.9959145892385595,0.002911054629997299,1.0,17.04146736619191
1342.3853235722563,14.326100976866755,0.9928605547281601,0.9984950458935957,0.002905220193082121,1.0,17.0623005233158
1342.406156729497,14.322083389115093,0.9965412772085553,1.0022320798122264,0.0028989081860733516,1.0,17.083133680556557
1342.4269898867944,14.322641037699675,0.9960295717481017,1.0017528297108018,0.002904456307002767,1.0,17.103966837853932
1342.44782304421,14.321845135593877,0.9967599818256719,1.0025228114778626,0.0029093751641361006,1.0,17.12479999526954
1342.468656201683,14.330675940610542,0.9886857427367752,0.9944369512576376,0.002935004456877954,1.0,17.145633152742448
1342.489489359272,14.324053841678547,0.9947343405643542,1.000555980908135,0.0029218238998032714,1.0,17.166466310331543
1342.51032251692,14.325823783400363,0.9931140689725542,0.9989613877991055,0.0029339508538140492,1.0,17.18729946797953
1342.531155674684,14.331712457170015,0.9877423274491626,0.9935929616279915,0.0029536902466110243,1.0,17.208132625743474
1342.551988832506,14.31797557766665,1.0003187669568416,1.0062792542366352,0.002927442483335855,1.0,17.2289657835654
1342.5728219904445,14.324550481010169,0.9942794315133348,1.0002390506682184,0.0029459845610940575,1.0,17.24979894150397
1342.5936551483828,14.3235886456257,0.9951606371504835,1.001160659649466,0.0029482690882330757,1.0,17.27063209944231
1342.6144883064972,14.319168567932854,0.9992202356945499,1.0052799701141961,0.0029387785648875247,1.0,17.291465257556638
1342.635321464611,14.326177031667266,0.9927910082154895,0.9988467345165367,0.002961275443464463,1.0,17.31229841567051
1342.6561546228409,14.327438355311086,0.9916383307270604,0.9977219388350117,0.0029631958706226,1.0,17.333131573900346
1342.676987781129,14.320852911761438,0.9976713091410256,1.0038270253838475,0.002944069440414342,1.0,17.353964732188388
1342.6978209394745,14.32200714508363,0.9966112601307597,1.002795466780085,0.0029452302460706886,1.0,17.374797890533955
1342.7186540978785,14.326802174571291,0.9922195456344154,0.9984113494396317,0.0029561565825397553,1.0,17.395631048937958
1342.739487256341,14.327329841088135,0.9917374452633662,0.9979610441177005,0.0029573658155694167,1.0,17.416464207400395
1342.7603204149204,14.326292929141916,0.9926850378801106,0.9989493922063651,0.0029631046538701293,1.0,17.43729736597993
1342.7811535735575,14.325762148735745,0.9931704472988111,0.9994726622464073,0.002951199240677049,1.0,17.45813052461699
1342.801986732195,14.330611892931632,0.9887440671202371,0.9950528086949935,0.002965435682043877,1.0,17.478963683254506
1342.8228198909485,14.322799775073314,0.9958839603552727,1.0022730944053553,0.0029473306053947462,1.0,17.49979684200798
1342.8436530497595,14.328395620423983,0.9907644145508666,0.997155332617209,0.0029639005542435887,1.0,17.520630000818983
1342.864486208571,14.325155265257958,0.9937257453697083,1.0001704697108524,0.002953771642877749,1.0,17.54146315963044
1342.885319367499,14.329316750796702,0.9899242139859329,0.9963788273322675,0.0029588266777637704,1.0,17.562296318558538
1342.906152526486,14.327015903690988,0.9920242446601379,0.9985271394001477,0.002950486622681644,1.0,17.583129477545526
1342.926985685473,14.31903130155134,0.9993465721068175,1.0059322812595515,0.0029243688286193573,1.0,17.603962636532515
1342.9478188445764,14.319396370235882,0.9990106076171099,1.0056288776108422,0.002918281371164851,1.0,17.62479579563592
1342.9686520036794,14.327075645919574,0.9919696603988599,0.9985757874275305,0.0029275701182400666,1.0,17.645628954738868
1342.98948516284,14.331395836709193,0.9880304131132596,0.9946446433206724,0.0029367397011651787,1.0,17.66646211389957
1343.010318322059,14.326318448897718,0.9926617055255981,0.9993414092788159,0.002919319450306855,1.0,17.68729527311848
1343.031151481337,14.329265511685177,0.9899709325478445,0.9966668783235323,0.002928291848344297,1.0,17.708128432396506
1343.0519846406726,14.329280389657644,0.9899573669512479,0.996687540721939,0.0029269533807344448,1.0,17.72896159173206
1343.0728178000074,14.324527498619137,0.9943004782099824,1.0010946209313116,0.002917037135200061,1.0,17.74979475106693
1343.093650959402,14.32365722899932,0.9950977772054127,1.0019318096960232,0.0029217028339847584,1.0,17.7706279104616
1343.114484118854,14.327642457563968,0.9914519349948671,0.9982952162044421,0.002933788136199235,1.0,17.791461069913566
1343.135317278364,14.32615810078107,0.9928083186610293,0.9996952677273682,0.0029332995845924277,1.0,17.812294229423514
1343.1561504378744,14.322067433759978,0.9965559219138939,1.0035032751843638,0.0029294421241257015,1.0,17.833127388933917
1343.176983597443,14.33100923628246,0.9883822858708432,0.9953067552440881,0.0029554859870484767,1.0,17.853960548502528
1343.19781675707,14.322635551625106,0.9960346045602004,1.003047018043488,0.0029334748477647544,1.0,17.874793708129573
1343.218649916697,14.329839022241178,0.98944814547276,0.9964482665232101,0.002953093581191084,1.0,17.89562686775639
1343.239483076382,14.318607921778051,0.9997363404759103,1.0068436523632098,0.0029224726971745344,1.0,17.916460027441417
1343.260316236067,14.326310357131847,0.9926691036541742,0.999760306667932,0.0029345958311222586,1.0,17.937293187126443
1343.28114939581,14.329951094951499,0.9893460171547558,0.996447472220743,0.002939737562283865,1.0,17.95812634686945
1343.3019825556116,14.322403760653444,0.9962472680724351,1.0034324596685225,0.0029180957588980567,1.0,17.978959506671117
1343.322815715413,14.322493489239527,0.996164938529907,1.0033837054553991,0.0029122578401558053,1.0,17.99979266647256
1343.343648875272,14.330966044040178,0.9884216060078429,0.9956181364738039,0.0029330849468161,1.0,18.020625826331525
1343.3644820351315,14.320955790702705,0.9975767792681868,1.0048741282768212,0.0029077539820110566,1.0,18.041458986190946
1343.3853151950489,14.329954459495934,0.9893429513147631,0.9966139208350122,0.002929431316254583,1.0,18.062292146108348
1343.406148354968,14.324405729267298,0.9944119989587722,1.0017542191779927,0.0029173504384021973,1.0,18.08312530602757
1343.426981514944,14.332545228466547,0.9869850089787903,0.994306108072368,0.002940750519478172,1.0,18.103958466003405
1343.44781467492,14.32527073562091,0.9936200661352219,1.0010242960254254,0.002925011980725707,1.0,18.12479162597947
1343.4686478348965,14.323085443434916,0.9956219675112641,1.0030750699614934,0.002926948064748774,1.0,18.145624785955988
1343.48948099493,14.324413705153393,0.9944046939728376,1.0018825698465894,0.0029344629303381204,1.0,18.166457945989578
1343.5103141549635,14.327330346510799,0.991736983598312,0.9992285656923926,0.002947505868184733,1.0,18.18729110602294
1343.531147315056,14.330109896648633,0.9892013242386788,0.9967074044275788,0.0029658511485084523,1.0,18.20812426611542
1343.551980475149,14.34096815774955,0.9793577956408583,0.9868224738338701,0.0029995009425074688,1.0,18.22895742620858
1343.572813635299,14.32803746370887,0.9910912964038024,0.9986790696513742,0.002981436960814554,1.0,18.249790586358586
1343.59364679545,14.33830016993026,0.9817673382689813,0.9893170452719949,0.0030188650738188407,1.0,18.2706237465095
1343.614479955601,14.32545215041175,0.9934540568256012,1.0011273209870022,0.0029771534191647,1.0,18.291456906660414
1343.635313115752,14.31826805286251,1.0000493377680932,1.007807425545612,0.0029632914560687408,1.0,18.312290066811556
1343.6561462759605,14.326752316213046,0.9922651106374407,0.9999964026963352,0.002985825731961959,1.0,18.333123227019996
1343.676979436169,14.328211373846655,0.9909325589316974,0.9986869875006579,0.0029927816288488314,1.0,18.353956387228436
1343.6978125963785,14.324356465195912,0.9944571203196629,1.0022727408304017,0.002984217330739573,1.0,18.374789547438013
1343.718645756645,14.331441282973145,0.9879890574404774,0.9957872092241749,0.002996089734938363,1.0,18.395622707704433
1343.739478916912,14.32555871575784,0.9933565537860809,1.0012305899557596,0.0029784744573208154,1.0,18.416455867971536
1343.7603120771796,14.32750520553791,0.9915772761115209,0.9994706397686189,0.0029869573174462418,1.0,18.437289028239093
1343.781145237446,14.324799938447777,0.9940510133149134,1.0019975567063066,0.002979456182490769,1.0,18.458122188505513
1343.801978397772,14.321318703977981,0.9972433894856968,1.005249020410792,0.0029707072771889193,1.0,18.478955348831505
1343.82281155804,14.333215461019437,0.9863759242451999,0.9943274887177194,0.003000506416293282,1.0,18.499788509099517
1343.8436447183644,14.333258941234023,0.9863364238786171,0.9943208164727015,0.003004522091598514,1.0,18.520621669423917
1343.8644778786895,14.3302193481423,0.989101609312588,0.99714159863303,0.0029976967215451676,1.0,18.541454829749
1343.885311039015,14.327033337656571,0.9920083155812245,1.0001052156715553,0.002992131506639871,1.0,18.562287990074537
1343.9061441993986,14.324348153902843,0.9944647329019551,1.0026150207176787,0.0029818288068073646,1.0,18.583121150458055
1343.926977359723,14.32863151151451,0.9905491807671952,0.9987005583146631,0.002989249130238083,1.0,18.603954310782456
1343.947810520107,14.330647127966802,0.9887119802592363,0.9968813306203287,0.0029875313418538476,1.0,18.624787471166428
1343.968643680491,14.326278291663037,0.9926984209690767,1.0009339083787356,0.0029676921182427724,1.0,18.6456206315504
1343.9894768408165,14.32858948422492,0.9905875242458606,0.9988386004251313,0.0029720238008548575,1.0,18.666453791875938
1344.0103100011995,14.329973881882129,0.9893252534348091,0.997598847309637,0.002968903021020373,1.0,18.687286952259
1344.0311431615828,14.33000340520488,0.9892983520829663,0.9976047254510028,0.0029626580622988106,1.0,18.70812011264229
1344.0519763219665,14.327510436327172,0.991572498966528,0.9999310199987865,0.0029575508119611214,1.0,18.728953273026036
1344.0728094823494,14.332914513701454,0.9866493685053078,0.9949992527988947,0.002972886447797806,1.0,18.74978643340887
1344.093642642791,14.322412472329711,0.9962392744651254,1.0047034729136617,0.0029512992051630425,1.0,18.770619593850597
1344.114475803175,14.330719687719421,0.988645906843593,0.9970784671275712,0.0029730627171565827,1.0,18.79145275423457
1344.135308963559,14.32638140099045,0.9926041516558126,1.0011034553464913,0.0029685116999807544,1.0,18.812285914618542
1344.1561421239426,14.331155688143586,0.9882489747934499,0.9967437974250057,0.0029862143459145492,1.0,18.83311907500206
1344.176975284326,14.317894834155164,1.0003931609513261,1.0090255601638174,0.0029579483244839924,1.0,18.853952235385577
1344.1978084447674,14.323376243845011,0.9953553387430837,1.003977260144848,0.0029656324205289382,1.0,18.874785395826848
1344.2186416051504,14.326074535823615,0.9928847342556631,1.0015181404167257,0.002974085272176291,1.0,18.89561855620991
1344.239474765534,14.326112006651524,0.9928504685004452,1.0015164350260977,0.002965896885533952,1.0,18.91645171659343
1344.260307925918,14.345251736312733,0.9755015262327669,0.9840483229560099,0.00300492489233096,1.0,18.9372848769774
1344.281141086302,14.329273472866799,0.9899636735935375,0.9986698905463376,0.0029604350262165597,1.0,18.958118037361373
1344.301974246685,14.330326481945146,0.9890040156351702,0.9977344455133202,0.002957729757637822,1.0,18.978951197744436
1344.322807407069,14.327121469194001,0.9919277954057151,1.000716758731922,0.00294903503381043,1.0,18.99978435812841
1344.3436405674524,14.332119428409019,0.9873721570633911,0.9961533022983522,0.002951019086543144,1.0,19.020617518511926
1344.364473727777,14.332217121854619,0.9872833183121875,0.9960961926024112,0.0029539359001624736,1.0,19.041450678836554
1344.3853068881608,14.324829695415227,0.9940237695533355,1.0029295266316507,0.0029338396178252304,1.0,19.0622838392203
1344.4061400485446,14.318442427923813,0.9998887373744723,1.0088799228035206,0.0029236245429015238,1.0,19.083116999604044
1344.42697320887,14.330403625626275,0.9889337474616687,0.9978589197696562,0.002957286571777968,1.0,19.103950159929582
1344.447806369195,14.329088513276202,0.990132332308289,0.9991008323603998,0.0029606606344905685,1.0,19.124783320254437
1344.4686395295212,14.326864085047603,0.9921629692459208,1.0011824138285335,0.002963280824333652,1.0,19.145616480580657
1344.489472689846,14.321492409990208,0.997083854126047,1.0061807201190296,0.002958326868546591,1.0,19.166449640905512
1344.5103058501704,14.334719395044676,0.9850105673865952,0.9940295494814568,0.003002910935609224,1.0,19.187282801229912
1344.5311390104962,14.344234893786624,0.9764155567973237,0.985387801296363,0.0030381291353828986,1.0,19.208115961555677
1344.5519721707635,14.33475339507884,0.9849797220777398,0.9940628772648673,0.003021726225438865,1.0,19.228949121823007
1344.5728053310308,14.325217630981792,0.9936686664538279,1.0028644225248389,0.0030091539846949732,1.0,19.249782282090337
1344.5936384912989,14.330117358852121,0.9891945255373242,0.9983811791035752,0.0030269515785264892,1.0,19.27061544235835
1344.614471651566,14.327282497138782,0.9917806913031386,1.0010237255573196,0.003025303435218688,1.0,19.29144860262545
1344.6353048118326,14.328504295652849,0.9906652503518687,0.9999301900224706,0.003028978249846581,1.0,19.3122817628921
1344.6561379720406,14.335296515800447,0.9844871262571084,0.993726361788882,0.00304673724386753,1.0,19.333114923100084
1344.7186374526686,14.322684711408668,0.9959895072917567,1.0054338916499035,0.0030106278305910804,1.0,19.395614403728132
1344.7394706128189,14.333104041928017,0.9864771521015228,0.9958633786292859,0.0030379182303074577,1.0,19.416447563878364
1344.76030377297,14.325213446028389,0.9936724965417093,1.0031594369474321,0.0030169791865372253,1.0,19.437280724029506
1344.78113693312,14.323965668959607,0.9948151262953134,1.0043452396763708,0.0030150874322019505,1.0,19.45811388417951
1344.801970093212,14.325427955361207,0.9934761956645166,1.003025678860196,0.003025102262488781,1.0,19.478947044271536
1344.8228032533634,14.321563583067038,0.9970184946036332,1.0066343136672782,0.003015018609698729,1.0,19.499780204422905
1344.8436364134564,14.323124011736294,0.9955866009407164,1.0052208260809652,0.003019074761107726,1.0,19.52061336451584
1344.8644695734906,14.324389630253581,0.9944267439502635,1.0040818998787677,0.0030203975782448853,1.0,19.54144652455011
1344.885302733525,14.321153498795542,0.9973951411820478,1.007111344489173,0.003012201113197942,1.0,19.562279684584382
1344.906135893559,14.32060886842123,0.9978955831432272,1.0076488800141927,0.003007110285605761,1.0,19.583112844618427
1344.926969053593,14.32038971252037,0.9980970287409552,1.007884496073888,0.0030035457282758856,1.0,19.60394600465247
1344.947802213569,14.322309663689175,0.9963336130847136,1.0061359083636474,0.003000891272160107,1.0,19.624779164628535
1344.968635373546,14.324097359540097,0.9946944709868295,1.0045126839427547,0.00299799736318288,1.0,19.64561232460551
1344.9894685334634,14.328725506578815,0.9904634300080295,1.000271764970157,0.0030067546592684145,1.0,19.66644548452291
1345.0103016934395,14.32466100899818,0.9941782189802152,1.0040553209170304,0.002990644537840413,1.0,19.687278644498974
1345.0311348532991,14.327172977116618,0.9918807389218255,1.0017668991847617,0.002998647220225505,1.0,19.708111804358623
1345.051968013218,14.325945363051837,0.9930028672812107,1.0029321077075997,0.0029959884744326943,1.0,19.72894496427739
1345.0728011730776,14.329397217029403,0.9898508513033917,0.9997803463296081,0.0030070097299248295,1.0,19.749778124137038
1345.0936343328785,14.324659109323855,0.9941799584602864,1.0041847675778872,0.0030061449722882895,1.0,19.770611283938024
1345.11446749268,14.32400627558804,0.9947779208188674,1.004820631705478,0.003011819621353559,1.0,19.791444443739465
1345.1353006524814,14.326116830229562,0.9928460575937667,1.0029010644820813,0.003018047512477574,1.0,19.812277603540906
1345.156133812224,14.324322815688674,0.9944879413519487,1.004591405729127,0.0030194943691705025,1.0,19.833110763283457
1345.1769669719683,14.322619860345768,0.9960489995578798,1.006200179253125,0.0030212328551290873,1.0,19.853943923027828
1345.197800131654,14.32407239590897,0.994717341617112,1.00488674138491,0.003024610547609289,1.0,19.874777082713535
1345.2186332913384,14.328500046809992,0.9906691271583984,1.0008287797614834,0.0030331919791965626,1.0,19.89561024239788
1345.239466450965,14.326050456932897,0.9929067541791148,1.0031210424875092,0.0030223628030764662,1.0,19.91644340202447
1345.2602996105925,14.32481722149718,0.9940351898617055,1.0042927894980533,0.0030152691521286527,1.0,19.93727656165197
1345.2811327702188,14.32052393718854,0.9979736461354632,1.0083036928306135,0.002995053090498406,1.0,19.958109721278333
1345.301965929788,14.324015401992359,0.9947695590203793,1.0050981216773962,0.0029983527009634684,1.0,19.9789428808474
1345.3227990892979,14.328532965772135,0.9906390910363929,1.0009562954240507,0.003005130849383764,1.0,19.999776040357347
1345.343632248809,14.317648710459514,1.000619964083206,1.0110729401709733,0.0029704978845207365,1.0,20.02060919986843
1345.3644654082605,14.320400544095538,0.9980870715257316,1.0085453091761385,0.0029726669060135815,1.0,20.041442359319944
1345.3852985677136,14.331695867729536,0.9877574197134377,0.9981387916239143,0.003003376187973722,1.0,20.06227551877305
1345.4061317271085,14.32982546459526,0.9894605008416855,0.9998911767148094,0.003004076452873207,1.0,20.083108678167946
1345.4269648865015,14.326671968758834,0.9923385436916541,1.0028310338535729,0.0029995965866026937,1.0,20.103941837561024
1345.447798045837,14.319566495452404,0.99885408379437,1.0094471251391413,0.0029899806471830135,1.0,20.124774996896576
1345.468631205173,14.328490463236285,0.9906778716328474,1.0012155818765953,0.003022196772171755,1.0,20.145608156232583
1345.4894643644511,14.325712865594024,0.9932155297696613,1.0038116715211969,0.00302312179725769,1.0,20.16644131551061
1345.5102975236705,14.332941665155543,0.9866246952652015,0.9971817320142101,0.003055636721969054,1.0,20.187274474729975
1345.5311306828899,14.331558475046965,0.987882421742504,0.9984841444162404,0.0030659178227736283,1.0,20.20810763394934
1345.5519638421094,14.333301558351561,0.9862977091427871,0.9969135827943671,0.0030830134005710146,1.0,20.22894079316893
1345.572797001212,14.323765496783443,0.9949985526798302,1.0057394882230126,0.0030689374538870407,1.0,20.249773952271426
1345.5936301603151,14.330298011213618,0.9890299501456632,0.9997376579697391,0.0030963589229705984,1.0,20.270607111374602
1345.614463319419,14.32408517980804,0.9947056294800576,1.0055061470545439,0.003089676449071073,1.0,20.29144027047846
1345.6352964784635,14.327146774800623,0.9919046764916022,1.0027060347961319,0.0030998700877343244,1.0,20.312273429522975
1345.6561296374496,14.324603582255907,0.9942308044296071,1.0050887990384696,0.003096087093177682,1.0,20.333106588509054
1345.6769627963781,14.323026751914963,0.9956757891907295,1.00658089674885,0.0030882117998103364,1.0,20.353939747437607
1345.697795955307,14.323453058470282,0.9952849209542767,1.0062170474338819,0.0030856635055275705,1.0,20.37477290636639
1345.7186291141775,14.32681026081432,0.9922121559034021,1.0031417147477306,0.003096903983968782,1.0,20.39560606523696
1345.739462273047,14.323342600722098,0.995386181760644,1.0063819668565985,0.003083272887328432,1.0,20.416439224106398
1345.760295431859,14.325549865039509,0.993364651475791,1.0043692857740767,0.003096640751733173,1.0,20.437272382918536
1345.7811285906134,14.325244877440628,0.9936437307350101,1.004682626670391,0.0030934691826877995,1.0,20.45810554167292
1345.801961749309,14.326945312798628,0.9920887448148755,1.0031414677083028,0.0031035658194978337,1.0,20.478938700368417
1345.822794908005,14.323484562259589,0.9952560421240294,1.0063752335525327,0.0030977773972333464,1.0,20.499771859064595
1345.843628066642,14.329809077602143,0.9894754348603793,1.0005610264315417,0.00312014253475306,1.0,20.520605017701428
1345.8644612252206,14.331927779756949,0.9875464583752349,0.9986413412014854,0.003124137065123892,1.0,20.541438176280053
1345.8852943838006,14.325061322429356,0.9938117307552599,1.0050080830529688,0.003104399809516791,1.0,20.562271334860043
1345.9061275423219,14.325060645367087,0.993812350493859,1.0050397714242623,0.0031003680606420075,1.0,20.58310449338137
1345.926960700784,14.318280878098822,1.000037524775884,1.0113665115498678,0.003075829444679556,1.0,20.60393765184358
1345.947793859188,14.332135475092521,0.9873575642632699,0.9985737282460779,0.0031098369093941667,1.0,20.624770810247583
1345.9686270175935,14.326072717461074,0.9928863971143866,1.004196345106555,0.003092728621618581,1.0,20.64560396865295
1345.9894601759406,14.320872885212383,0.9976529559208094,1.0090483080475543,0.0030696719749214933,1.0,20.66643712700011
1346.010293334228,14.328265300210472,0.9908833424991852,1.002232250489386,0.00309113021971733,1.0,20.687270285287468
1346.031126492458,14.330828655348768,0.988546688456684,0.9998996230001252,0.003097564376088973,1.0,20.70810344351753
1346.0519596506294,14.327249428503658,0.9918108987634007,1.0032321941166797,0.0030923609678261956,1.0,20.72893660168893
1346.0727928088008,14.328747181257143,0.9904436574685641,1.001880020941722,0.0031000028333512926,1.0,20.749769759860328
1346.093625966915,14.32990898031988,0.989384393650791,1.0008392891523137,0.0031119177719434715,1.0,20.77060291797443
1346.11445912497,14.33101581460423,0.9883762974208112,0.9998502354211617,0.003124516008025438,1.0,20.791436076029413
1346.135292282967,14.32772565593529,0.9913759643995059,1.002915516117169,0.0031272671716041705,1.0,20.812269234026417
1346.1561254409062,14.327788628379704,0.9913184664942806,1.0028881203929076,0.0031328561898558874,1.0,20.833102391965667
1346.1769585988459,14.32909245969952,0.9901287333915313,1.001715219947577,0.003143767686760689,1.0,20.853935549905373
1346.1977917566685,14.328413626228624,0.9907479838907378,1.0023724374814627,0.0031444111775170342,1.0,20.87476870772798
1346.218624931603,14.330390787556883,0.9889454409790065,1.000579393605622,0.0031487415942928823,1.0,20.895601882662504
1346.239458089309,14.333084383401765,0.9864950135880155,0.9981306956203083,0.0031512123594141135,1.0,20.91643504036847
1346.260291247016,14.330684962832802,0.9886775270160372,1.0003695595313935,0.003132788173871053,1.0,20.93726819807557
1346.281124404722,14.33069329047068,0.9886699438509787,1.000392478210848,0.003125065144855563,1.0,20.958101355781537
1346.301957562311,14.329001347880258,0.9902118255967044,1.0019832651358076,0.003109467421644211,1.0,20.978934513370405
1346.322790719843,14.3221404302319,0.9964889234839781,1.0083657852583834,0.0030836050483452537,1.0,20.99976767090243
1346.343623877317,14.327081507593126,0.9919643049666642,1.0038178859452143,0.0030869447727497343,1.0,21.020600828376473
1346.3644570347894,14.329870670432063,0.9894193044087374,1.0012730257630733,0.003088209998414622,1.0,21.041433985848926
1346.3852901921455,14.331692273255538,0.9877606898210612,0.9996250257477665,0.003098857840155844,1.0,21.062267143204963
1346.4061233495036,14.328902258919742,0.990302200715062,1.0022276124867115,0.0030846951540360215,1.0,21.083100300563046
1346.4269565067445,14.326430499566259,0.9925592656622821,1.004542461485628,0.0030817721607354375,1.0,21.103933457804033
1346.447789663984,14.33542723514509,0.9843686041292969,0.9962832501849408,0.003115523437613739,1.0,21.124766615043427
1346.468622821108,14.332606608754531,0.986929213002364,0.9989052529972835,0.0031148007165907633,1.0,21.145599772167543
1346.4894559782329,14.333898397240242,0.9857556814756245,0.9977478312760477,0.0031311560737740207,1.0,21.16643292929234
1346.5102891352985,14.31941207446657,0.9989961579013232,1.011180127303637,0.0031055440732922755,1.0,21.187266086358022
1346.5311222922478,14.332345654863143,0.9871664473967849,0.999236504323316,0.00315532541570569,1.0,21.208099243307288
1346.5519554491975,14.33487760276865,0.9848670473252681,0.9969392701069267,0.0031804684036295973,1.0,21.22893240025701
1346.57278860603,14.332343683166018,0.9871682400928434,0.9992990078546723,0.003188442449303021,1.0,21.249765557089404
1346.5936217628634,14.325710908839339,0.9932173197817146,1.0054529307226958,0.0031825148520114913,1.0,21.270598713922936
1346.61445491958,14.325486474187887,0.993422650895219,1.0056912939346268,0.0031919535501278647,1.0,21.2914318706396
1346.6352880762965,14.321296237983205,0.9972640246054212,1.0096107154037315,0.0031887146241587876,1.0,21.312265027356034
1346.656121232896,14.33124286950235,0.9881696245525114,1.0004340357553134,0.0032180650821694427,1.0,21.3330981839556
1346.676954389497,14.332650132522978,0.9868896508901314,0.9991684389079099,0.0032240537129789282,1.0,21.353931340556528
1346.697787545981,14.329913612078846,0.9893801729383918,1.0017202735335775,0.003212222887215996,1.0,21.374764497040587
1346.718620702406,14.332019833279302,0.9874627333636371,0.9998091731223936,0.003214334290123799,1.0,21.39559765346553
1346.739453858774,14.328731057939839,0.9904583657889304,1.0028725943790457,0.0032011194870676207,1.0,21.4164308098334
1346.7602870150831,14.329861861494514,0.9894273319279269,1.0018589278976893,0.003204295386803104,1.0,21.43726396614261
1346.7811201713334,14.342154403198746,0.9782883606331509,0.9906099380974598,0.0032427117259056118,1.0,21.458097122392928
1346.801953327468,14.333245268546971,0.9863488449014272,0.9988021157807683,0.00322052468027721,1.0,21.478930278527514
1346.822786483603,14.334562706259005,0.9851527301388234,0.9976210225872205,0.0032326320179761124,1.0,21.499763434662555
1346.8436196396215,14.334544416706361,0.9851693254723864,0.99766794025646,0.0032346795179115594,1.0,21.520596590680952
1346.8644527955805,14.329238837753655,0.9899952540553361,1.0025853420827806,0.0032254876589445504,1.0,21.541429746640006
1346.88528595154,14.323204713768694,0.9955126024171129,1.0082032615977585,0.003205912501528954,1.0,21.562262902599514
1346.906119107326,14.331713188796481,0.9877416618563762,1.0003634146712443,0.003226453194159949,1.0,21.583096058385536
1346.9269522631116,14.329730834260129,0.9895467437604714,1.0022217636758326,0.0032159489656587983,1.0,21.603929214171103
1346.9477854188385,14.336101041780143,0.9837578956322464,0.9963887800643993,0.0032300520070587587,1.0,21.624762369898008
1346.96861857445,14.328540289839975,0.9906324084891925,1.0033817708072799,0.003201089393305163,1.0,21.645595525509407
1346.989451730002,14.330120635252658,0.9891915404728389,1.0019525172643753,0.003202760277218732,1.0,21.66642868106146
1347.0102848854954,14.32743022827531,0.9916457534420048,1.0044686132463543,0.003186963423885464,1.0,21.687261836554853
1347.031118040873,14.332592052104596,0.98694244501886,0.9997345563236836,0.0032036814253961427,1.0,21.708094991932512
1347.0519511961938,14.32911482264971,0.9901083398821132,1.002971641015327,0.003190584725732259,1.0,21.728928147253328
1347.0727843515135,14.33769703190163,0.9823128719955148,0.9951048049966498,0.0032189800191341133,1.0,21.749761302573006
1347.0936175066581,14.336643682810873,0.9832663452746829,0.9961006229718897,0.0032184422959527785,1.0,21.770594457717607
1347.1144506618039,14.326498234083237,0.9924973459942578,1.0054823133423918,0.003194540636935356,1.0,21.791427612863345
1347.1352838168325,14.330267365697647,0.9890578664670965,1.0020279212635315,0.003211796118534411,1.0,21.812260767891985
1347.156116971802,14.334069383206167,0.9856004530551904,0.9985551412887002,0.00322635922671734,1.0,21.833093922861508
1347.2186164361894,14.33090737156787,0.9884750211063138,1.0015576193201154,0.0032148981565780516,1.0,21.895593387248937
1347.2394495908688,14.320706670243052,0.9978056979482242,1.011042098119048,0.00317790754723181,1.0,21.91642654192833
1347.2602827454325,14.3244007433779,0.9944165654820254,1.0076382050560342,0.0031776704335203377,1.0,21.937259696491992
1347.2811158999375,14.326741788488487,0.9922747320762155,1.0054980195798215,0.0031720439303852006,1.0,21.95809285099699
1347.3019490543256,14.326532796101201,0.9924657525326225,1.0057217088588726,0.0031542406637330017,1.0,21.97892600538512
1347.322782208656,14.329924250702215,0.9893704785103947,1.0026151147554807,0.0031507088727465156,1.0,21.999759159715495
1347.343615362928,14.32105647189412,0.9974842774601439,1.0108677929324883,0.003114728431424662,1.0,22.020592313987436
1347.406114825161,14.32678627099585,0.9922340795091261,1.0056374152608847,0.0031126660384244854,1.0,22.0830917762205
1347.426947979084,14.332979492384714,0.9865903216962276,0.9999473237316163,0.0031307693721281627,1.0,22.10392493014342
1347.44778113289,14.33099155166257,0.9883983849078903,1.0018098173332501,0.003129651774307598,1.0,22.124758083949473
1347.468614286639,14.339551251388611,0.9806367104807707,0.9939725366711565,0.003158285494254047,1.0,22.145591237698454
1347.4894474402704,14.337266332717409,0.982702621621287,0.9960963099644364,0.0031577761685065097,1.0,22.166424391329883
1347.5311137473586,14.3285752957722,0.990600469375651,1.0041617984162365,0.003159936658735845,1.0,22.20809069841812
1347.5727800540403,14.3331527293707,0.9864329167037083,0.9999969152811716,0.003207318580224013,1.0,22.24975700509981
1347.5936132072065,14.33488509708999,0.9848602492792757,0.9984324297173571,0.0032232771694329027,1.0,22.27059015826603
1347.6144463603719,14.33029775138546,0.9890301868310194,1.0026897611674679,0.0032238287000191878,1.0,22.291423311431345
1347.635279513364,14.32737621834504,0.9916950840712325,1.005421468048093,0.003222506854915346,1.0,22.3122564644234
1347.6561126662975,14.324164379624719,0.9946330726012534,1.00843021176944,0.003223494550378452,1.0,22.333089617357018
1347.6769458191716,14.34232887902014,0.9781311641146316,0.9917289814800067,0.003271580135955098,1.0,22.353922770231065
1347.6977789718721,14.335936594811336,0.9839069081228349,0.9976147760756241,0.003253198318433454,1.0,22.374755922931627
1347.718612124514,14.335313425691773,0.9844717933976113,0.9982173019679246,0.0032463854177145145,1.0,22.395589075573525
1347.760278429565,14.348244974487745,0.9728158948783346,0.9864574866729868,0.0032852923807312187,1.0,22.437255380624492
1347.781111581917,14.334205906294624,0.9854765290690254,0.9993254498236731,0.0032592949869523105,1.0,22.45808853297649
1347.8227778863275,14.321929739186352,0.9966823145346483,1.0107489630727131,0.0032415517065057806,1.0,22.499754837386945
1347.864444190332,14.334169100461228,0.9855099367232798,0.9994784721714363,0.0032940890966840237,1.0,22.541421141391538
1347.8852773422166,14.330490196678117,0.9888548980862294,1.0029007274467068,0.0032876239107172862,1.0,22.562254293276055
1347.9061104939865,14.33889115573283,0.981233090009679,0.995200308326709,0.003315311911342101,1.0,22.583087445045976
1347.9269436456395,14.347969830712735,0.9730624539915927,0.9869427705726395,0.0033398908489359154,1.0,22.603920596699027
1347.947776797175,14.339765165988915,0.9804435218909103,0.9944587504149424,0.0033156725471765545,1.0,22.624753748234525
1347.968609948595,14.344184300693396,0.9764610568313683,0.9904488592197231,0.0033225394819318766,1.0,22.645586899654518
1347.9894430999575,14.342016049863972,0.9784130300330504,0.9924583556378459,0.0033151466185396944,1.0,22.666420051016985
1348.0102762512015,14.345529405098599,0.9752520810266836,0.989281495545025,0.00332826736848567,1.0,22.68725320226099
1348.072775704239,14.343006126518818,0.9775212274459824,0.9916718838909546,0.003307994226887474,1.0,22.74975265529838
1348.1144420056821,14.34564336300269,0.9751497248094227,0.9893249759021704,0.003321087829591732,1.0,22.79141895674161
1348.135275156287,14.347836295632296,0.9731821386473886,0.9873581915958856,0.0033325708787241134,1.0,22.812252107346467
1348.1769414570886,14.348526404589133,0.9725637671561213,0.9867895865993052,0.0033495208153017015,1.0,22.853918408148047
1348.1977746073449,14.339144734508753,0.9810039451856347,0.9953828644463312,0.00332507627911345,1.0,22.87475155840434
1348.2394409074486,14.344900704615082,0.9758169687108629,0.9901788413151865,0.0033377484846345146,1.0,22.91641785850811
1348.260274057297,14.341803515272241,0.9786045746893295,0.9930370523988613,0.0033172813214263227,1.0,22.937251008356498
1348.3227735062592,14.346398567191818,0.9744716769631688,0.9889315767551695,0.003291575543500957,1.0,22.99975045731867
1348.343606655642,14.337643664851846,0.982361156678394,0.9969678289379842,0.003253203172203422,1.0,23.020583606701393
1348.3644398049664,14.342014943837734,0.9784140267309847,0.9929915958359489,0.003254668446675491,1.0,23.04141675602591
1348.3852729541159,14.349947430809916,0.9712916951855178,0.9857925223426923,0.003267092486969125,1.0,23.06224990517535
1348.40610610315,14.345494882461804,0.9752830911454414,0.989873007214102,0.0032525289482313894,1.0,23.08308305420951
1348.4269392520664,14.348843879570197,0.9722794259649552,0.9868538207296832,0.003260496234781738,1.0,23.10391620312589
1348.4894386980027,14.347238880527046,0.9737177693922381,0.9884021203401518,0.003286906937922479,1.0,23.166415649062174
1348.510271846396,14.344169248214374,0.9764745944304593,0.9912300788091475,0.0033001759293041833,1.0,23.187248797455595
1348.5727712908185,14.349024753387406,0.972117466510275,0.9868954232540911,0.003374684454432193,1.0,23.249748241878024
1348.6144375863819,14.347276660331978,0.9736838880247312,0.9885446573344644,0.003408234473640331,1.0,23.29141453744137
1348.947767930811,14.349373461012302,0.9718053001285425,0.9871095993995981,0.003503714104623069,1.0,23.624744881870583
1349.093599944242,14.344813260720903,0.9758955630062575,0.9914725325185378,0.0034213568621788183,1.0,23.770576895301474
1349.3227645202796,14.344188984379064,0.9764568445496239,0.9923715021648646,0.0033270034588717785,1.0,23.99974147133912
1349.3435976625024,14.33695215442365,0.9829870263471501,0.9990382884103356,0.0032782843189877796,1.0,24.02057461356185
1349.3644308045514,14.330338849287022,0.9889927502089434,1.0051724535912236,0.0032366301711730812,1.0,24.041407755610862
1349.3852639463666,14.33609296091077,0.9837652175292212,0.9998896289074035,0.0032329060281045723,1.0,24.062240897426136
1349.406097088066,14.325506506377163,0.9934043220903921,1.0097172658950118,0.003181369801305961,1.0,24.08307403912545
1349.426930229533,14.329048750959991,0.9901685940407778,1.0064588626326583,0.003175689206495065,1.0,24.103907180592387
1349.4477633708238,14.33452515100124,0.9851868068366736,1.0014254388331036,0.003178692789636425,1.0,24.124740321883337
1349.468596511883,14.32566968280948,0.9932550335321559,1.0096572418991967,0.0031413220376051982,1.0,24.145573462942593
1349.489429652826,14.340498087436014,0.979781901143238,0.9959918123043691,0.003170532375826457,1.0,24.166406603885434
1349.510262793478,14.336475356350267,0.9834187971994894,0.9997192014944093,0.0031480026039563272,1.0,24.187239744537465
1349.5310959340125,14.336717044915115,0.9831999092004035,0.9995270192761958,0.0031372582369987197,1.0,24.208072885071942
1349.5519290743146,14.335334456541771,0.9844527242369789,1.0008310298950727,0.003120081005678428,1.0,24.228906025374044
1349.572762214443,14.340750669285585,0.9795539946406792,0.9958810594570262,0.003118632746668359,1.0,24.249739165502433
1349.5935953543376,14.335763218165727,0.9840640366218374,1.000496691774744,0.0030985759096185984,1.0,24.27057230539708
1349.6144284940574,14.335759788280878,0.9840671453250807,1.0005302898242974,0.0030883474497204726,1.0,24.29140544511688
1349.635261633545,14.337581512064439,0.9824173933880819,0.998883343793549,0.0030659749009194948,1.0,24.31223858460453
1349.6560947728,14.341010540220013,0.9793195664719897,0.9957639254068504,0.003053165791340302,1.0,24.333071723859575
1349.7185941894575,14.322684889701302,0.9959893437367633,1.0128062792730732,0.0029558250136482635,1.0,24.39557114051695
1349.739427327897,14.333124531079196,0.9864585362639896,1.0031451827914604,0.002967517457213706,1.0,24.416404278956406
1349.7602604661035,14.338523913712729,0.9815650407821452,0.9981994145355878,0.0029661511648026565,1.0,24.437237417163033
1349.7810936040773,14.339503827301183,0.9806795448419834,0.9973294113500285,0.0029566746542675658,1.0,24.45807055513683
1349.8019267418777,14.33433184824288,0.9853622235540954,1.002122258674658,0.0029322936044544052,1.0,24.478903692937138
1349.822759879443,14.330833131853675,0.9885426126738556,1.0053875316178846,0.0029149855984475074,1.0,24.49973683050257
1349.8435930167775,14.334366454755722,0.985330816839598,1.002151717691169,0.0029179140338077753,1.0,24.52056996783699
1349.8644261538784,14.329022919654497,0.9901921519285919,1.0071269277702157,0.0028856356890634297,1.0,24.5414031049379
1349.885259290746,14.335256309525413,0.9845235838173336,1.0013921453472279,0.0028900030218560113,1.0,24.562236241805522
1349.90609242744,14.329141012440342,0.9900844570851084,1.007079227835411,0.002857613914435003,1.0,24.58306937849943
1349.9269255638428,14.338634751903928,0.9814648420965221,0.9983423423624299,0.0028716893796522087,1.0,24.603902514902302
1349.947758700012,14.329717143706318,0.9895592214952106,1.0066068771847025,0.0028345071155598677,1.0,24.624735651071433
1349.968591835948,14.337818588154986,0.9822029009105867,0.9991545820591848,0.0028448904633173277,1.0,24.645568787007505
1349.989424971653,14.329501712669611,0.9897555886414142,1.0068686390815167,0.002812435932926353,1.0,24.666401922712566
1350.0102581071235,14.33471768913758,0.9850121150349345,1.0020740453869101,0.0028134074806848777,1.0,24.687235058182978
1350.0310912423029,14.331616260660496,0.9878298455527261,1.0049715929765233,0.002797334938298111,1.0,24.70806819336235
1350.051924377251,14.332374548978947,0.9871401768146776,1.0043009707381698,0.002792655523465039,1.0,24.728901328310485
1350.072757511965,14.335561070401369,0.9842472716137397,1.0013887230309642,0.002795208870552997,1.0,24.749734463024424
1350.0935906464465,14.335763200120358,0.9840640529773752,1.0012332838070828,0.0027977117576100025,1.0,24.770567597505988
1350.114423780637,14.327570707346181,0.9915174566588955,1.0088479612992831,0.002770369376484592,1.0,24.791400731696513
1350.1352569145952,14.334228906892875,0.9854556526263449,1.0027112723449536,0.0027863326718673156,1.0,24.81223386565466
1350.1560900482618,14.329067957781257,0.9901510779784856,1.0075201597969985,0.002767369489966558,1.0,24.833066999321318
1350.176923181695,14.329951626884686,0.9893455324459944,1.0067317300743557,0.002772408831515298,1.0,24.85390013275446
1350.1977563148967,14.33476784446389,0.9849666136850149,1.0023069953559636,0.002777225516220541,1.0,24.874733265956138
1350.2185894477484,14.339420894709688,0.9807544556738774,0.9980517139309399,0.0027848985960087958,1.0,24.895566398807887
1350.2394225803669,14.326826355358836,0.9921974478331688,1.0097279455385009,0.0027574304022503038,1.0,24.91639953142635
1350.260255712753,14.336070534660001,0.9837855377444094,1.0011985963961176,0.0027771098714854505,1.0,24.937232663812438
1350.2810888447893,14.332298539871736,0.9872092859312682,1.0047142694962827,0.002767034708972052,1.0,24.958065795848825
1350.3019219765938,14.334386953602081,0.9853122138361537,1.0028148523883722,0.002768899458924489,1.0,24.97889892765329
1350.3227551081065,14.338010567520552,0.9820292436086132,0.9995047842979512,0.0027779146695945814,1.0,24.999732059166035
1350.343588239387,14.34025796099008,0.9799986182090149,0.9974692087952509,0.002783548432914259,1.0,25.020565190446405
1350.3644213703185,14.328903083133053,0.9903014489487114,1.0079872537828198,0.002756789941063586,1.0,25.041398321377983
1350.3852545009581,14.335807839814175,0.9840235943330076,1.0016286581341285,0.0027702635234622204,1.0,25.062231452017613
1350.4060876313645,14.329033577257976,0.9901824322347262,1.0079292864995921,0.002754274950843888,1.0,25.083064582423958
1350.4269207614225,14.336755119018807,0.9831654313974433,1.0008179325022755,0.002770346363702031,1.0,25.103897712481967
1350.4477538911894,14.33183870384085,0.9876274819366297,1.0053916848452944,0.002767489538380392,1.0,25.124730842248937
1350.468587020665,14.328904848102319,0.990299839119184,1.0081438127522266,0.0027551863395850495,1.0,25.145563971724414
1350.48942014985,14.336479431319042,0.9834151062537939,1.0011665424001737,0.002769938147713578,1.0,25.166397100909535
1350.510253278686,14.337922916715186,0.9821085254159507,0.9998678844953354,0.0027719791922916344,1.0,25.18723022974541
1350.5310864072294,14.331216485698036,0.9881936377434389,1.0060947705377576,0.002758380869169639,1.0,25.208063358288882
1350.5519195354832,14.333765772649883,0.985876100623467,1.003766947384352,0.002759034358669055,1.0,25.22889648654268
1350.5727526633868,14.33130179001546,0.9881160002179235,1.0060792976429433,0.0027554220726005753,1.0,25.249729614446323
1350.5935857910008,14.332942461006063,0.9866239720642201,1.0045919340398533,0.002759436674236047,1.0,25.270562742060292
1350.614418918264,14.33845154730161,0.9816304661647053,0.9995391518892881,0.0027702853396109504,1.0,25.291395869323424
1350.6352520452374,14.336214562818833,0.9836550424902568,1.0016324278192634,0.002763923499926846,1.0,25.31222899629688
1350.656085171861,14.34234347644611,0.9781180134973707,0.9960258239517504,0.0027786638644161413,1.0,25.33306212292041
1350.676918298135,14.332768646588672,0.9867819323474427,1.004880302007164,0.0027543678458618955,1.0,25.353895249194466
1350.697751424119,14.33722576989033,0.9827393358258493,1.000795403152893,0.002765004752852565,1.0,25.374728375178393
1350.7185845496952,14.336805999523996,0.9831193587128415,1.001214298448485,0.002766430776919622,1.0,25.39556150075464
1350.7394176749794,14.336864575912585,0.9830663200208349,1.0011922094017973,0.0027663046745715885,1.0,25.416394626038937
1350.760250799914,14.328872877184915,0.9903290002177755,1.0086209990142994,0.002754180272140766,1.0,25.437227750973534
1350.781083924443,14.333399826978509,0.9862084446094712,1.0044564373628997,0.00275966296079578,1.0,25.458060875502497
1350.80191704868,14.335345645192843,0.9844425793774575,1.0026899813302073,0.002762542229364706,1.0,25.478893999739512
1350.8227501725096,14.339533238028073,0.9806529802791636,0.9988621373168576,0.002773594542710564,1.0,25.499727123569073
1350.84358329599,14.332729297924548,0.9868176954124108,1.0051735594996731,0.002758387531917236,1.0,25.52056024704939
1350.8644164191214,14.33758450418113,0.9824146860053709,1.0007207830423925,0.0027699992916499815,1.0,25.541393370180913
1350.885249541903,14.34117843162134,0.9791681423766048,0.9974458102073769,0.0027766885837608806,1.0,25.56222649296251
1350.906082664277,14.338711225810203,0.981395714985559,0.9997471430999101,0.002773801240722263,1.0,25.583059615336424
1350.9269157862445,14.341022463180556,0.9793088121797537,0.9976533670270812,0.002778756882117093,1.0,25.603892737304022
1350.947748907862,14.335203085756024,0.9845718472355761,1.0030473541741216,0.0027641779036438343,1.0,25.624725858921465
1350.9685820291302,14.338913791589212,0.9812126330886748,0.9996573984285103,0.002778346060439105,1.0,25.645558980189662
1350.989415149933,14.343566222442128,0.9770170861488973,0.9954151814309693,0.0027825794443870127,1.0,25.666392100992425
1351.010248270387,14.34023894255009,0.9800157846331121,0.9985026851142698,0.0027781819349399594,1.0,25.687225221446397
1351.031081390433,14.33876630988031,0.9813459258205436,0.9998903412942579,0.0027735787485168094,1.0,25.70805834149246
1351.0519145100711,14.336940745011148,0.982997356078578,1.0016054980989457,0.00276666464608443,1.0,25.728891461130615
1351.0727476293032,14.344520982640148,0.976158307562843,0.9946693225354277,0.0027893770265786403,1.0,25.74972458036268
1351.093580748127,14.341018562498512,0.979312330510583,0.9979156386175646,0.0027783034233423063,1.0,25.770557699186384
1351.1144138665425,14.346523290309719,0.9743597417023454,0.9929013312460494,0.002798700900169777,1.0,25.79139081760195
1351.1352469845515,14.33768510150645,0.9823236660033869,1.0010494752682761,0.002770431475962297,1.0,25.812223935610973
1351.1560801020955,14.339830856507287,0.9803842037116294,0.9991056910573028,0.0027783165392515656,1.0,25.833057053155017
1351.1769132192305,14.337223945054799,0.9827409875522602,1.001540252861913,0.0027703920691299,1.0,25.853890170290015
1351.1977463359005,14.343373768651237,0.977190284119988,0.9959159994336184,0.0027850704788740257,1.0,25.874723286960034
1351.2185794521633,14.339254331600841,0.9809049250433601,0.9997346249141026,0.002778722565549052,1.0,25.895556403222827
1351.2394125679605,14.338714314155933,0.9813929234373521,1.0002648539522558,0.0027753518321231145,1.0,25.91638951901996
1351.260245683291,14.344511904870242,0.9761664691931866,0.9949706298378325,0.0027897453408060264,1.0,25.93722263435052
1351.281078798157,14.345299060269395,0.9754590079988946,0.9942822967835458,0.0027900209168196877,1.0,25.958055749216555
1351.301911912616,14.337271098651613,0.9826983079714929,1.0016943383471426,0.0027716630839294126,1.0,25.978888863675593
1351.3227450265495,14.341222025213117,0.9791288284077353,0.9980888311144109,0.002781366290718601,1.0,25.999721977608942
1351.3435781400765,14.341193093216326,0.9791549199476832,0.99814844876122,0.002782245539854676,1.0,26.020555091135975
1351.385244365617,14.349352117495723,0.9718244041671823,0.9907414255535136,0.0028126779956035115,1.0,26.062221316676414
1351.4060774776885,14.338333724724546,0.9817369971125578,1.0008802238902175,0.0027815166737564963,1.0,26.083054428748028
1351.4269105892365,14.337241200204959,0.982725369386,1.001921203519152,0.002774118401320448,1.0,26.103887540296
1351.447743700261,14.341882816861183,0.9785331005473257,0.9976802878658612,0.00279115680638856,1.0,26.12472065132056
1351.468576810819,14.336195128572403,0.9836726496820455,1.002953869851175,0.0027746315115710967,1.0,26.145553761878546
1351.489409920854,14.339366292983616,0.9808037791029544,1.0000621838754145,0.002783285983308999,1.0,26.166386871913573
1351.5102430303646,14.338108660927947,0.9819405238599587,1.0012547562839333,0.002781783483127168,1.0,26.18721998142405
1351.531076139409,14.341297288490125,0.97906095751074,0.9983520103014891,0.0027895882659823134,1.0,26.20805309046841
1351.5519092478714,14.343141742007306,0.9773991363346313,0.996690899982936,0.002796992334079434,1.0,26.228886198930923
1351.5727423558105,14.333744276894201,0.9858956195098074,1.0053888818303207,0.0027754641577758567,1.0,26.24971930687002
1351.593575463168,14.341926738269194,0.978493516639118,0.9978740185081597,0.002792612072973954,1.0,26.270552414227495
1351.614408570059,14.34820042573226,0.9728558112285028,0.992158103388646,0.0028080923028256277,1.0,26.2913855211184
1351.635241676368,14.34284277077038,0.9776683126443295,0.9970997601134115,0.002794306513527077,1.0,26.312218627427455
1351.656074782095,14.345358527130259,0.9754055825937924,0.9948257035700109,0.002804156643147645,1.0,26.333051733154434
1351.676907887299,14.346717439465667,0.9741855242377134,0.993615011435957,0.0028061376477555968,1.0,26.353884838358454
1351.6977409918616,14.341838085102612,0.9785734164250761,0.998124279653697,0.0027957511980140955,1.0,26.374717942921052
1351.7185740959003,14.340567398416926,0.9797193560454545,0.999327070521675,0.0027940492141566935,1.0,26.39555104695978
1351.7394071993576,14.342147711414043,0.978294390196532,0.99790754773071,0.002804972172984211,1.0,26.416384150417116
1351.760240302232,14.343360997918344,0.9772017781730038,0.9968270091337047,0.00280514225139647,1.0,26.437217253291465
1351.781073404467,14.349447068877438,0.97173941848213,0.9912887918366319,0.0028169048185602286,1.0,26.45805035552644
1351.801906506178,14.34118431776534,0.9791628339885853,0.9988957090652156,0.0027988239741989734,1.0,26.478883457237544
1351.82273960719,14.344688372969616,0.9760078226984528,0.9957112189997936,0.0028078843719946873,1.0,26.499716558249474
1351.8435727076198,14.341506045072967,0.9788727296783635,0.9986682226609961,0.0028008260384702302,1.0,26.52054965867933
1351.8644058074683,14.342108088004741,0.9783300932210827,0.9981489109321208,0.002806963268322269,1.0,26.54138275852779
1351.885238906677,14.342489504686023,0.9779864684255115,0.9978326690387227,0.0028060049085494128,1.0,26.56221585773642
1351.9060720051862,14.33865083735839,0.9814503015561885,1.001401316645668,0.0028031118957783214,1.0,26.583048956245648
1351.9269051031129,14.34048195140884,0.9797964626037425,0.9997483818604821,0.0028017178766777686,1.0,26.603882054172345
1351.9477382004002,14.345669501209477,0.9751262491638308,0.9950174843707197,0.002822586111785234,1.0,26.624715151459668
1351.9685712969886,14.343817618105103,0.9767908899296287,0.9967506161896804,0.002811053571553038,1.0,26.645548248048044
1351.989404392937,14.34060281635398,0.9796873970186056,0.9997410070525153,0.002803893566554532,1.0,26.66638134399659
1352.031070582796,14.335218666898736,0.9845577179799447,1.0047809395601441,0.0027947402495529026,1.0,26.708047533855506
1352.051903676765,14.344058304104529,0.9765743789263139,0.9966683857654051,0.00281791620100483,1.0,26.728880627824537
1352.0727367699778,14.347951259132909,0.9730790984228248,0.9931358891729721,0.0028278250545648886,1.0,26.749713721037324
1352.0935698624921,14.344581220051795,0.9761041511126752,0.9962581651436624,0.0028200880353374024,1.0,26.77054681355162
1352.1144029543655,14.338122603312591,0.9819279144392566,1.0022373162201021,0.0028063922001422955,1.0,26.791379905424947
1352.1352360454825,14.33912700782031,0.9810199620534389,1.0013457564725725,0.002808204591894922,1.0,26.81221299654203
1352.1560691359596,14.339928385465644,0.9802961422143511,1.0006421488120338,0.0028106679512389,1.0,26.833046087019056
1352.2185684029068,14.337111324902011,0.9828429296077523,1.0033480769307193,0.0028085195843899984,1.0,26.895545353966327
1352.239401490474,14.340474493733854,0.9798031926258554,1.0002803678979897,0.002819739666225338,1.0,26.916378441533425
1352.260234577283,14.338884565792462,0.9812390456802599,1.001781792246566,0.002813644528055655,1.0,26.93721152834246
1352.281067663336,14.338193758441701,0.9818635646296181,1.0024550366641387,0.002814207631430301,1.0,26.958044614395476
1352.301900748633,14.337121254986691,0.9828339406205143,1.0034815153985353,0.002813549453870724,1.0,26.978877699692475
1352.3227338332304,14.339176558291602,0.9809751916091559,1.0016194684597002,0.002817654286631199,1.0,26.999710784289846
1352.343566917013,14.33313404795857,0.9864498896279916,1.007245396760396,0.0028057664840026937,1.0,27.020543868072536
1352.364400000097,14.346823526896173,0.974090341089451,0.9946609271635247,0.00283733965392038,1.0,27.041376951156508
1352.385233082425,14.330788050999793,0.9885836588046493,1.0094965417037414,0.0028021760599761815,1.0,27.06221003348446
1352.406066163938,14.344019296779322,0.9766094650167693,0.9973049005817041,0.0028366497413626463,1.0,27.08304311499751
1352.4268992447528,14.339764112791421,0.9804444729517275,1.001257245344251,0.0028258442188911622,1.0,27.10387619581229
1352.44773232481,14.340529208354509,0.9797538176404872,1.000588040137556,0.0028309638666752447,1.0,27.124709275869463
1352.4685654040525,14.338983344418875,0.9811497781070142,1.0020499183538962,0.002824969206162225,1.0,27.145542355111957
1352.489398482596,14.337302226404667,0.982670134689956,1.0036390193226818,0.002828137393617703,1.0,27.166375433655503
1352.510231560384,14.344186180182689,0.9764593665068632,0.9973319197147137,0.002838230970108126,1.0,27.187208511443487
1352.5310646373568,14.335884600365226,0.9839540272291549,1.0050233312218422,0.0028253657040399286,1.0,27.208041588416336
1352.551897713631,14.3359897539117,0.9838587359006663,1.0049626135609464,0.002820030115359094,1.0,27.228874664690466
1352.572730789148,14.34721943467457,0.9737352091180005,0.9946582445310336,0.0028615482626411647,1.0,27.24970774020744
1352.5935638639671,14.336001779507846,0.9838478387580202,1.0050249262105344,0.0028215315037588783,1.0,27.270540815026607
1352.614396938029,14.342986983059072,0.9775384630352164,0.9986163359952873,0.0028406462083266654,1.0,27.29137388908839
1352.6352300113344,14.340709713238423,0.9795909459886343,1.0007498180223349,0.002841873198260372,1.0,27.31220696239393
1352.6560630840008,14.336993311918366,0.9829497645183944,1.0042181285873593,0.0028286098848368203,1.0,27.33304003506032
1352.676896155909,14.344953216630746,0.9757697741192395,0.9969195284116938,0.0028542463478730988,1.0,27.353873106968422
1352.6977292271758,14.343083623100956,0.9774514574132068,0.9986745447741361,0.002844821950811856,1.0,27.37470617823533
1352.718562297747,14.345563144127704,0.9752217757398507,0.9964333234765789,0.0028553182343337142,1.0,27.39553924880647
1352.7393953676765,14.345852548316373,0.974961863936146,0.9962046956730799,0.002852880074319246,1.0,27.416372318735966
1352.760228436965,14.335615997408937,0.9841974801545976,1.0056789035413336,0.0028297569014825758,1.0,27.437205388024495
1352.7810615056728,14.333837368297758,0.9858110920968551,1.0073652350632527,0.0028233481765666812,1.0,27.45803845673231
1352.801894573798,14.338617108662579,0.9814807910551231,1.0029776662409062,0.0028359773376832754,1.0,27.478871524857595
1352.8227276413409,14.34910237028889,0.9720479744472983,0.9933753751133688,0.002863752217484377,1.0,27.49970459240035
1352.8435607083595,14.347706717067592,0.9732982912353397,0.9946903773544217,0.0028560132157335553,1.0,27.520537659419006
1352.8643937748543,14.345053799202319,0.975679383021695,0.9971612231999359,0.0028530536294404255,1.0,27.541370725913794
1352.8852268408846,14.34211061310096,0.9783278179218552,0.9999055697160434,0.0028426858931492795,1.0,27.562203791944057
1352.906059906564,14.340496181088117,0.9797836214568826,1.0014312167262744,0.0028375820767014303,1.0,27.583036857623483
1352.9268929717796,14.346348485352427,0.9745166275316374,0.9960854622259715,0.0028547114138369315,1.0,27.603869922839067
1352.9477260367034,14.349416675086138,0.9717666214604895,0.9933121729024332,0.0028589223994998606,1.0,27.62470298776293
1352.9685591012772,14.344592971733015,0.9760935861129163,0.9977729017527197,0.0028464981480427433,1.0,27.645536052336638
1353.0102252298439,14.348597798357297,0.9724998172675807,0.9941749332828049,0.0028556774357099074,1.0,27.68720218090334
1353.031058293895,14.345933949308728,0.9748887707778635,0.996655155429655,0.0028530743831007305,1.0,27.708035244954544
1353.0518913578865,14.338662052648786,0.9814401635565135,1.0033911817725023,0.0028329054326603825,1.0,27.72886830894595
1353.09355748593,14.34190494598884,0.9785131566022556,1.0004754475536795,0.0028394514573914895,1.0,27.770534436989465
1353.114390550097,14.342434675183899,0.9780358578305081,1.0000259106288742,0.0028427805199002358,1.0,27.7913675011564
