time_o,mag,oflux,nflux,enflux,lc_part,time
1625.4114317436783,13.22961303784285,1.0116731977062696,0.9876658588166093,0.002135134604231868,0.0,0.4375010824205674
1625.43226513614,13.229489638581986,1.0117881858763946,0.9878169684354039,0.0021451871094488578,0.0,0.45833447488212187
1625.5364321133445,13.229370085228798,1.0118996027471012,0.9881113793411064,0.002192372009369219,0.0,0.5625014520867353
1625.5989323112165,13.216972932962342,1.0235198891060697,0.9995640472201375,0.0021847134434019168,0.0,0.6250016499586764
1625.6197657120583,13.218864256566317,1.0217384966894982,0.9978583068082665,0.002191945467913597,0.0,0.6458350508005424
1625.640599113833,13.215491174032628,1.0249176919025527,1.0009966442401421,0.0021898781809689457,0.0,0.6666684525753226
1625.661432517004,13.218455263461042,1.0221234545792006,0.9983004068459341,0.002201869315586168,0.0,0.6875018557461772
1625.6822659206405,13.22260318661829,1.0182260058043784,0.9945258505773932,0.0022190633643800165,0.0,0.708335259382693
1625.7030993252079,13.223771904656989,1.0171305474053662,0.9934873250188979,0.0022309642806113265,0.0,0.7291686639500767
1625.723932730242,13.221691790688169,1.0190810907131271,0.9954234166868304,0.002239544229971643,0.0,0.7500020689842586
1625.7447661366725,13.218319864515532,1.022250928515377,0.9985500802867514,0.002245268774719525,0.0,0.7708354754147422
1625.765599543568,13.21263074032148,1.0276214558324974,1.0038260454423218,0.0022475705382119836,0.0,0.7916688823102049
1625.7864329509305,13.210468428271017,1.0296700679923534,1.0058566494609535,0.002256459315901694,0.0,0.8125022896726932
1625.80726635969,13.220595764002155,1.0201103499555058,0.9965465768307888,0.002287805261403059,0.0,0.8333356984321654
1625.8280997689144,13.215109899110432,1.025277672562043,1.0016226422767833,0.0022854703180253083,0.0,0.8541691076566167
1625.869766589226,13.219138402541276,1.0214805425611646,0.9979673293948876,0.002305501711194444,0.0,0.8958359279681645
1625.9114334127971,13.209715801832811,1.030384077134206,1.0067181788131094,0.002286465809508821,0.0,0.9375027515393413
1625.932266825282,13.218050062868038,1.0225049858587572,0.9990451158377822,0.0022962712663599856,0.0,0.9583361640243311
1625.9531002386975,13.213436879426155,1.0268587490398222,1.003323536518707,0.002280147369655516,0.0,0.979169577439734
1625.9739336525781,13.220109877779915,1.0205669696080146,0.9971997877346566,0.002287004481331369,0.0,1.0000029913203434
1625.99476706739,13.212842392629547,1.0274211518784533,1.0039203855184302,0.0022660411568043645,0.0,1.0208364061322754
1626.0156004822034,13.21594666888252,1.0244878021972457,1.0010768267784815,0.002266792028652613,0.0,1.0416698209455717
1626.0364338979466,13.213058182718434,1.0272169721983324,1.0037658031232097,0.002256273369790618,0.0,1.0625032366888263
1626.0572673141555,13.213515527873069,1.0267843682459836,1.0033646105219458,0.0022547651812461255,0.0,1.0833366528977422
1626.0781007312971,13.214308156033438,1.026035050686064,1.0026533276080694,0.0022562706431643728,0.0,1.1041700700393449
1626.098934148438,13.220544850025487,1.0201581876274226,0.9969306255518389,0.002267200738968621,0.0,1.1250034871802654
1626.1197675660446,13.216083069954335,1.02435910384843,1.00105560128754,0.0022568229256672997,0.0,1.1458369047868473
1626.1406009845814,13.219944739792778,1.0207222073092703,0.9975204854441039,0.002263637596407559,0.0,1.1666703233236149
1626.16143440312,13.221848892021644,1.0189336447540533,0.9957910018694026,0.002266942604080464,0.0,1.1875037418622014
1626.1822678225885,13.218060839395289,1.0224948369863958,0.9992891877111538,0.002255479392654593,0.0,1.2083371613307463
1626.203101242058,13.217973717563225,1.0225768874856158,0.9993866662699957,0.0022483321589601983,0.0,1.2291705808002007
1626.223934661993,13.214086339541689,1.0262446916140089,1.0029880304676067,0.0022341075036150433,0.0,1.2500040007353164
1626.244768082393,13.2099359801729,1.0301751449342715,1.0068456516822037,0.0022175381803435992,0.0,1.2708374211351838
1626.265601503259,13.212691331378984,1.0275641095516064,1.004309316053302,0.002213689806787652,0.0,1.2916708420011673
1626.286434924591,13.217559665508734,1.0229669277206477,0.9998311130720364,0.0022131591988375815,0.0,1.3125042633332669
1626.307268346388,13.216609897781435,1.02386217837904,1.0007204214084067,0.002202601496954572,0.0,1.3333376851301182
1626.3281017681852,13.217982581540339,1.022568539176802,0.9994697557615146,0.0021974541621788534,0.0,1.3541711069274243
1626.3489351904482,13.220628062972084,1.020080003704461,0.9970505322592972,0.00219705682971489,0.0,1.3750045291903916
1626.3697686131768,13.210677820594741,1.029471507588749,1.0062426454044906,0.0021725604130864644,0.0,1.3958379519190203
1626.390602036372,13.209983548622668,1.0301300117233194,1.0068983167703955,0.002167544472211743,0.0,1.4166713751142197
1626.4114354595654,13.210877157453844,1.0292825180541905,1.0060813365104981,0.0021665899025088693,0.0,1.4375047983076001
1626.432268883226,13.214319751093509,1.0260240932596922,1.002907169898676,0.0021696282943755043,0.0,1.4583382219682335
1626.4531023068866,13.217611839593328,1.0229177711387543,0.9998809859292633,0.0021728802909958375,0.0,1.4791716456288668
1626.4739357310114,13.213204668130448,1.0270783914358228,1.0039575210712448,0.0021630283104167166,0.0,1.5000050697535698
1626.494769155137,13.21290186926446,1.02736487128398,1.0042465990383689,0.002160419746981916,0.0,1.5208384938791824
1626.5156025797285,13.211703356678214,1.0284995756229491,1.0053642265991634,0.0021577800425455055,0.0,1.5416719184706835
1626.5364360047856,13.215568112045176,1.0248450662168462,1.0017997368362688,0.002165431872786977,0.0,1.562505343527846
1626.5572694298426,13.22547421758888,1.0155370500100938,0.9927082060315907,0.002182823090522067,0.0,1.583338768584781
1626.578102854899,13.215030630755779,1.0253525296412056,1.0023096953498782,0.00216426710404973,0.0,1.6041721936412614
1626.598936280422,13.211570663065855,1.02862528172304,1.0055149696203072,0.0021564101330127923,0.0,1.6250056191643125
1626.6197697059445,13.209386238307578,1.0306968865901316,1.0075455496457348,0.002152488978033172,0.0,1.6458390446866815
1626.6406031319325,13.21572685253773,1.0246952392903783,1.0016835837063116,0.0021629878365587887,0.0,1.6666724706747118
1626.661436557456,13.21420033868629,1.026136944561974,1.0030972083199168,0.002158443141768982,0.0,1.6875058961982177
1626.6822699839104,13.216879588596798,1.0236078883100277,1.0006286607834163,0.0021623639226279997,0.0,1.7083393226525914
1626.7031034098975,13.21788410425199,1.0226612913051443,0.9997064377969415,0.00216330307938786,0.0,1.7291727486397122
1626.723936836352,13.21255589822617,1.0276922943966205,1.0046270896176812,0.002154714442781873,0.0,1.7500061750943132
1626.744770262806,13.22080642616059,1.0199124401865416,0.99702378289483,0.002173380382339698,0.0,1.7708396015482322
1626.7656036897256,13.211389880574934,1.0287965691152148,1.0057099571413424,0.0021573471220947536,0.0,1.7916730284678124
1626.786437116179,13.220379181877748,1.0203138613641607,0.9974184111590009,0.0021791830732200814,0.0,1.8125064549212766
1626.807270543099,13.22102318684326,1.0197088411456683,0.9968271779094873,0.0021835277041574682,0.0,1.8333398818413116
1626.8281039700191,13.22561903016904,1.0154016094372833,0.9926162726002131,0.0021952479668356575,0.0,1.8541733087613466
1626.848937397404,13.220385043740087,1.0203083527302714,0.9974119509844214,0.0021850779453005237,0.0,1.8750067361461333
1626.8697708243235,13.212382793303366,1.0278561581205525,1.00478890760323,0.0021689767969158345,0.0,1.8958401630657136
1626.890604251243,13.218252416491762,1.0223144346840813,0.9993694703458617,0.0021768669643253504,0.0,1.9166735899852938
1626.9114376786279,13.214181158950488,1.026155071625659,1.003121233479498,0.0021660218247703134,0.0,1.9375070173700806
1626.932271106013,13.21795882040637,1.0225909181430908,0.9996338874152406,0.0021673847551943654,0.0,1.958340444755322
1626.9531045333983,13.219281308022302,1.0213461033102773,0.9984132371958583,0.002164307272285566,0.0,1.9791738721405636
1626.9739379607845,13.22483778987211,1.016132503478657,0.9933123750132687,0.0021691929022652702,0.0,2.0000072995267146
1626.9947713881695,13.215887013067206,1.0245440942633215,1.0015301214337298,0.0021461713251371612,0.0,2.020840726911729
1627.015604815554,13.216513738115372,1.0239528621056493,1.0009466658783173,0.0021417500380321976,0.0,2.041674154296288
1627.03643824294,13.216022317967123,1.024416423105186,1.0013937654066731,0.0021365014123570112,0.0,2.062507581682212
1627.0572716703255,13.210537139780037,1.0296049067265094,1.006458980304846,0.002122147349240127,0.0,2.0833410090676807
1627.0781050977098,13.215800470671883,1.0246257623825856,1.00158457659503,0.002129702780194781,0.0,2.1041744364520127
1627.0989385250955,13.209489051714726,1.030599289732839,1.0074159681325598,0.0021134920909525643,0.0,2.125007863837709
1627.1197719524816,13.211801453522558,1.0284066543363368,1.0052642951022615,0.002115151939110546,0.0,2.14584129122386
1627.1406053798655,13.217969615245282,1.0225807511713059,0.9995606408013944,0.002123946562505089,0.0,2.1666747186077373
1627.161438807251,13.214135103366097,1.0261986007754333,1.00308759306851,0.0021147642432687154,0.0,2.187508145993206
1627.182272234637,13.215042538599192,1.0253412841191731,1.0022395842691982,0.002112405785310184,0.0,2.20834157337913
1627.2031056620215,13.214836196977842,1.0255361663452565,1.0024195120706965,0.0021091286334084464,0.0,2.2291750007636892
1627.223939089407,13.214260158231632,1.0260804102451946,1.0029403786850357,0.0021034376586841355,0.0,2.250008428149158
1627.244772516327,13.211210570618524,1.0289664894890072,1.00574966700973,0.0020925268637783452,0.0,2.270841855069193
1627.2656059437122,13.210521022203041,1.0296201911569816,1.0063763797722391,0.0020859642400884474,0.0,2.2916752824544346
1627.2864393706313,13.21175683207388,1.0284489205309513,1.00521873273618,0.0020810148041792297,0.0,2.31250870937356
1627.307272797551,13.215902105134031,1.024529852884612,1.0013748789515402,0.0020822004785135254,0.0,2.3333421362931404
1627.3281062244705,13.21665586283078,1.0238188337073155,1.0006661202752778,0.0020761174350729956,0.0,2.3541755632127206
1627.3489396513896,13.2189755995965,1.021633722042843,0.9985160766362382,0.0020749618663567565,0.0,2.375008990131846
1627.369773078309,13.22016706561316,1.020513215780547,0.997406050492033,0.00206885237962578,0.0,2.395842417051199
1627.3906065052288,13.219466166767488,1.0211722225037971,0.998034684679734,0.0020613608346789236,0.0,2.4166758439710065
1627.4114399316832,13.222827540361589,1.0180156239324896,0.9949337269884914,0.0020635028219512367,0.0,2.4375092704253802
1627.432273358137,13.21532543587725,1.0250741580246163,1.0018156824907447,0.0020457803746713023,0.0,2.458342696879299
1627.4531067845905,13.220004112352948,1.020666391510344,0.9974908938881579,0.002050442256499386,0.0,2.4791761233327634
1627.4739402110445,13.21872063621641,1.0218736604112941,0.9986531747947287,0.0020450084086146916,0.0,2.5000095497866823
1627.4947736370332,13.219326742913541,1.0213033638511149,0.9980777708728937,0.002043517091722625,0.0,2.5208429757753947
1627.515607063021,13.213927293444478,1.0263950339970511,1.0030349397734277,0.002033223006465476,0.0,2.5416764017631976
1627.5364404890088,13.217200449297959,1.0233054326878739,0.9999964631382591,0.00203822818499769,0.0,2.5625098277510006
1627.557273914998,13.218577536141218,1.022008352276588,0.9987092511697125,0.0020383015641152647,0.0,2.5833432537401677
1627.5781073405205,13.225215948713553,1.015778649035831,0.9926015070050217,0.0020509423760090404,0.0,2.604176679262764
1627.5989407660425,13.218268528398081,1.0222992640449196,0.9989526124477596,0.0020382365396117903,0.0,2.6250101047846783
1627.6197741915648,13.212548664843473,1.0276991411024685,1.0042078220772441,0.002027708473562921,0.0,2.6458435303070473
1627.6406076166222,13.20870768727028,1.031341241111436,1.0077446970652475,0.0020195277474536603,0.0,2.666676955364437
1627.6614410416792,13.215537557737989,1.0248739073584066,1.0014030022214762,0.0020303281407391227,0.0,2.6875103804213722
1627.682274466736,13.213122664678831,1.0271559675114121,1.003609924503175,0.0020257303959335888,0.0,2.7083438054783073
1627.7031078913274,13.207912013623302,1.0320973288294222,1.008414469642002,0.0020144452218606316,0.0,2.729177230069581
1627.7239413159186,13.21253241113483,1.027714526098724,1.004108297514898,0.0020227676738289696,0.0,2.750010654660855
1627.7447747405095,13.21354764201491,1.0267539982435434,1.003145428213177,0.002024816862849553,0.0,2.770844079251674
1627.7656081646355,13.210381767146872,1.0297522573183264,1.0060497306977683,0.002017544111723674,0.0,2.7916775033777412
1627.786441588762,13.213260671453629,1.027025415105661,1.0033602231732757,0.0020222666670291407,0.0,2.8125109275042632
1627.8072750128865,13.209508871573075,1.0305804765575852,1.0068073292787145,0.002016356384818645,0.0,2.833344351628739
1627.8281084365458,13.216649416510581,1.023824912424773,1.000181276047112,0.0020286246701584965,0.0,2.854177775288008
1627.8489418602067,13.212169585099327,1.0280580201227005,1.0042896684038998,0.0020216342930749268,0.0,2.8750111989488687
1627.8697752834005,13.21245732570439,1.0277856014258175,1.003996079378646,0.0020213593084570064,0.0,2.895844622142704
1627.8906087065939,13.212811776402171,1.0274501241121945,1.0036404342773422,0.002020666918557985,0.0,2.9166780453360843
1627.911442129789,13.213551644733737,1.0267502129778732,1.002928326657965,0.002021090866839853,0.0,2.9375114685312838
1627.9322755525186,13.215308747074282,1.0250899145150572,1.0012777436137785,0.0020201095515636467,0.0,2.958344891260822
1627.9531089752463,13.216899074322367,1.023589517767228,0.9997828926650926,0.0020218990248654085,0.0,2.979178313988541
1627.9739423975084,13.219918713805583,1.0207466751508856,0.9969764946819577,0.0020242530810768056,0.0,3.000011736250599
1627.994775819772,13.217116999828603,1.0233840867630997,0.9995222378439254,0.0020144056322308184,0.0,3.0208451585142484
1628.0156092415696,13.216416850129885,1.0240442407999326,1.0001362795208935,0.0020107677487755833,0.0,3.041678580311782
1628.036442663366,13.214374639243575,1.0259722250980998,1.001987980391504,0.0020050768613867303,0.0,3.0625120021081784
1628.0572760851628,13.213989831030908,1.0263359161198855,1.0023114146674723,0.002000260852156834,0.0,3.0833454239050297
1628.07810950603,13.218104519541757,1.0224537019246305,0.9984879706467578,0.00200638709970976,0.0,3.10417884477215
1628.0989429273613,13.214208152411324,1.026129559781909,1.0020449837366727,0.001995481908679325,0.0,3.1250122661035675
1628.2447768683005,13.221463894765414,1.0192950181848817,0.9951308350919881,0.001990587823575245,0.0,3.270846207042723
1628.2656102873034,13.21768235449185,1.0228513382425954,0.998566652174188,0.001980469115316071,0.0,3.2916796260456067
1628.328110543382,13.228801322142992,1.012429825383526,0.9882824555969999,0.0019895110538847563,0.0,3.354179882124299
1628.348943961454,13.223639820966174,1.0172542924995616,0.9929541073169776,0.001976619742243563,0.0,3.375013300196315
1628.369777379526,13.226250769861025,1.014810966044675,0.9905310537175573,0.001976580898168455,0.0,3.3958467182683307
1628.4114442142725,13.228843090620366,1.012390877765614,0.9880916137131066,0.0019735996154904402,0.0,3.4375135530146963
1628.4322776314134,13.221819240464292,1.018961472307224,0.9944650032917228,0.001957388401264239,0.0,3.458346970155617
1628.4531110480875,13.22861400261161,1.0126045126052574,0.9882211887946368,0.0019686136632204106,0.0,3.4791803868297393
1628.4947778809724,13.228496576064277,1.0127140356013098,0.9882475226018242,0.0019641756761958097,0.0,3.5208472197145966
1628.5781115434816,13.222305559936643,1.0185051645600653,0.9937317934364929,0.0019502437992886944,0.0,3.6041808822237726
1628.5989449582935,13.22931623372537,1.011949793268605,0.9872933824027466,0.0019599845764589055,0.0,3.6250142970357047
1628.6406117869865,13.226826244855147,1.0142732262229939,0.9894739514978468,0.0019562940257264903,0.0,3.666681125728701
1628.661445200868,13.227656067911063,1.0134983181512318,0.9886743059004692,0.0019577005634996165,0.0,3.68751453961022
1628.6822786142825,13.219533180477281,1.0211091957512408,0.9960543896820067,0.0019446523944746555,0.0,3.708347953024713
1628.7031120276974,13.22550340044484,1.0155097543621852,0.9905478003136451,0.00195334528513097,0.0,3.7291813664396614
1628.7447788535974,13.214270590960682,1.0260705507899908,1.0007579184305493,0.0019342948175871146,0.0,3.7708481923395993
1628.765612266081,13.221450619715494,1.0193074809496985,0.9941158897548789,0.0019471697722956687,0.0,3.791681604823225
1628.786445678099,13.221308048670455,1.0194413378423635,0.9942002607244801,0.001946438458168194,0.0,3.812515016841189
1628.807279090118,13.221480542146487,1.0192793896533547,0.9939958023379375,0.0019479691271266253,0.0,3.8333484288602904
1628.8489459127575,13.217845720653099,1.0226974456808549,0.9972346176695053,0.0019444036017820657,0.0,3.87501525149969
1628.8697793238443,13.21170424262598,1.0284987363799307,1.002843449208411,0.0019335107085777284,0.0,3.895848662586559
1628.8906127344653,13.227064878524473,1.0140503238792775,0.9887077506388915,0.0019596124689075416,0.0,3.9166820732075394
1628.9322795543117,13.219606271055717,1.0210404581063393,0.9954261059120441,0.0019468552824906012,0.0,3.9583488930538806
1628.9531129640013,13.21577309824324,1.0246515944852514,0.9988974290287854,0.0019387392139122472,0.0,3.9791823027435385
1628.9739463732255,13.21692273158919,1.0235672148667456,0.9977908059764026,0.0019396394863656508,0.0,4.000015711967762
1628.99477978245,13.219308025770095,1.0213209703804458,0.9955514033461392,0.001943088398919487,0.0,4.020849121192214
1629.015613191209,13.217034078135505,1.0234622493788803,0.9975884822836143,0.0019370036915837617,0.0,4.041682529951231
1629.0364465995015,13.216757262708668,1.023723220927136,0.9977923648354026,0.0019341717052848426,0.0,4.062515938243678
1629.0572800073278,13.209918333718514,1.030191888491645,1.0040460479226687,0.0019202440648313755,0.0,4.083349346070008
1629.078113415156,13.216616020370157,1.023856404721202,0.9978202162238902,0.0019289338229805358,0.0,4.104182753898158
1629.0989468220532,13.222349028897295,1.018464388103991,0.9925141264455629,0.001937578309651259,0.0,4.12501616079544
1629.1197802294146,13.214169477009268,1.0261661125651296,0.999967743499648,0.0019220210877532937,0.0,4.145849568156791
1629.1406136358441,13.211631182771054,1.028567947019101,1.0022559676233673,0.0019156756809199165,0.0,4.166682974586365
1629.1614470422746,13.208311324194236,1.0317178152834074,1.0052724775021227,0.0019091509385546668,0.0,4.187516381016849
1629.182280448239,13.214927657840313,1.0254497802863503,0.9991123328874293,0.0019198654915624934,0.0,4.208349786981216
1629.2031138537382,13.2179380240694,1.0226105051743515,0.9962931057159305,0.0019227893076470633,0.0,4.229183192480377
1629.2239472592369,13.208671090832706,1.031376004667528,1.0047793694408123,0.001905696869766191,0.0,4.250016597979084
1629.2447806638052,13.211052578886036,1.029116231227678,1.0025240509812272,0.0019093535494054935,0.0,4.270850002547377
1629.265614068373,13.209457460492434,1.030629277095126,1.003943830807795,0.0019050353970816005,0.0,4.291683407115215
1629.2864474729408,13.212553452088189,1.0276946097656532,1.0010308420164804,0.001909753117927788,0.0,4.312516811683054
1629.307280876577,13.225485195602337,1.0155267818409106,0.9891248017200563,0.001930170175169034,0.0,4.333350215319115
1629.3281142802125,13.214383983176752,1.025963395536536,0.9992353118103745,0.0019106152218002215,0.0,4.354183618954721
1629.348947683383,13.217010041857996,1.0234849072720613,0.9967665226974112,0.0019126982375807353,0.0,4.375017022125121
1629.369781086089,13.210567459178408,1.0295761552071905,1.0026432610656872,0.0018991034263276716,0.0,4.395850424831224
1629.3906144887947,13.213453169366757,1.0268433425879888,0.9999263332232237,0.0019030788486287947,0.0,4.416683827536872
1629.4114478905676,13.21190351120956,1.0283099900902364,1.0012986476522547,0.0018986375935243491,0.0,4.437517229309833
1629.432281292341,13.219972681442943,1.0206959391460477,0.9938288158022939,0.0019095546402584864,0.0,4.458350631083249
1629.4531146936488,13.214793503308433,1.0255764936022034,0.9985246402693753,0.001898235731266398,0.0,4.479184032391004
1629.473948094957,13.210877965708365,1.0292817518257666,1.0020754650318024,0.0018911093797517639,0.0,4.500017433699213
1629.4947814953339,13.21777389221168,1.0227651059404854,0.9956744681829369,0.0019026150346929812,0.0,4.5208508340761
1629.5156148957112,13.223882275050709,1.01702715636734,0.9900319750781935,0.0019125216267148134,0.0,4.541684234453442
1629.536448295622,13.215994294534585,1.024442864182569,0.9971937096169685,0.0018976742779219008,0.0,4.562517634364212
1629.5572816950666,13.220997149883868,1.0197332950009637,0.9925522766493039,0.0019039863905008516,0.0,4.583351033808867
1629.578115094512,13.213263853811114,1.0270224048374097,0.9995893567251072,0.0018919891621438547,0.0,4.604184433254204
1629.598948493493,13.20896809146518,1.0310939127268606,1.0034939234515203,0.001886220305655572,0.0,4.625017832235244
1629.6197818915405,13.219497291357559,1.0211429491765236,0.993751511652283,0.0019039923535264494,0.0,4.6458512302826875
1629.6406152895884,13.212190737502208,1.0280379916061002,1.0004031350491027,0.0018912939107847417,0.0,4.666684628330586
1629.661448687637,13.211751883082101,1.0284536084070943,1.000748931519169,0.0018912371250787438,0.0,4.687518026379166
1629.6822820847551,13.212456022645876,1.0277868349350034,1.0000413062974254,0.0018907448415552515,0.0,4.708351423497334
1629.7031154818724,13.2119619816766,1.0282546137049207,1.000437377345601,0.0018925507849369778,0.0,4.7291848206145914
1629.723948878523,13.206044314564675,1.0338742854560532,1.0058454939086594,0.0018820397543271377,0.0,4.7500182172652785
1629.744782274709,13.20696504851652,1.0329979034785106,1.0049331539310649,0.0018824278358960513,0.0,4.770851613451214
1629.7656156704284,13.212456336810341,1.0277865375385882,0.9998038107548524,0.0018921134171456992,0.0,4.791685009170578
1629.786449065682,13.208766524366116,1.031285353245652,1.0031474068362503,0.0018861421662023123,0.0,4.8125184044242815
1629.8072824609376,13.20559303859498,1.0343040948271234,1.006023473287241,0.0018815437978653708,0.0,4.833351799679804
1629.828115855727,13.20575414718428,1.0341506294546918,1.0058137345776563,0.0018807106123792873,0.0,4.85418519446921
1629.8489492500494,13.205508101925194,1.0343850111503632,1.0059810430849314,0.0018827203541141781,0.0,4.8750185887915904
1629.8697826439065,13.208187151302958,1.0318358169763688,1.003441195130468,0.0018877244903216608,0.0,4.8958519826487645
1629.8906160372985,13.20806584265416,1.0319511098081549,1.003492487286089,0.0018879069754042727,0.0,4.916685376040732
1629.9114494302248,13.210884446636975,1.0292756079009222,1.0008299900736444,0.001891963940747759,0.0,4.937518768967038
1629.9322828231511,13.21646493914308,1.0239988852280804,0.9956384285979931,0.001900562204957969,0.0,4.958352161893345
1629.9531162156113,13.202590785306699,1.0371680871025153,1.008381354860041,0.0018785875335554309,0.0,4.979185554353535
1629.9739496076065,13.203713862413437,1.0360958031565815,1.0072771987283176,0.0018810107373246105,0.0,5.000018946348746
1629.9947829991356,13.207527895514993,1.0324625348608623,1.003683433076625,0.0018842760701337908,0.0,5.020852337877841
1630.015616390198,13.210796633177033,1.0293588582403397,1.0006047758776817,0.0018882233995495894,0.0,5.041685728940138
1630.0364497807964,13.205525781833753,1.0343681675713847,1.0054122248300787,0.0018785634365817902,0.0,5.062519119538592
1630.0572831713944,13.2070402411021,1.032926365757529,1.0039488462858643,0.001880122790482543,0.0,5.083352510136592
1630.0781165615258,13.20881610950604,1.0312382559298896,1.0022461415413257,0.0018823221922951517,0.0,5.104185900268021
1630.0989499507268,13.208470436543793,1.031566630293023,1.0025032102480116,0.0018792789015440671,0.0,5.125019289469037
1630.1197833399278,13.216521026892249,1.0239459881164992,0.9950355424468698,0.0018916534923570443,0.0,5.145852678670053
1630.1406167286625,13.205173598318066,1.0347037431053527,1.0054270937658267,0.0018711916078225739,0.0,5.166686067404726
1630.161450117398,13.206465631605099,1.0334731711258922,1.0041688479815718,0.0018733419360909232,0.0,5.187519456140308
1630.182283505203,13.207027906626285,1.0329381003552993,1.0035864242311536,0.0018720690668304187,0.0,5.208352843945249
1630.2031168930055,13.207255990160021,1.032721131052258,1.00331299997896,0.0018725272608249707,0.0,5.22918623174769
1630.223950279878,13.211920693848406,1.028293716395678,0.9989492166747654,0.0018797891835979196,0.0,5.250019618620172
1630.2447836667507,13.2081037152361,1.0319151139823177,1.0024045837784086,0.0018731535214936421,0.0,5.2708530054928815
1630.2656170531575,13.21004146436807,1.0300750636097427,1.0005544794650258,0.0018756688327696725,0.0,5.291686391899702
1630.286450439099,13.21297548639417,1.0272952143188205,0.9977917480083432,0.001880162479631561,0.0,5.312519777841317
1630.3072838245744,13.211020382401838,1.029146749152395,0.9995273597150084,0.0018762061698452326,0.0,5.333353163316588
1630.32811721005,13.21250158186673,1.0277437082668661,0.9981020085301862,0.001877955715847542,0.0,5.354186548792313
1630.3489505945936,13.208511058273054,1.0315280359859536,1.001714218976806,0.001869857523377353,0.0,5.375019933335807
1630.3697839791375,13.206461556553622,1.0334770500278365,1.003543760884171,0.001864774399534783,0.0,5.395853317879755
1630.3906173627506,13.219906712537028,1.0207579581150414,0.9911306761974421,0.0018844312754991458,0.0,5.416686701492836
1630.4114507463635,13.211282028464304,1.0288987701766819,0.9989722711318271,0.0018691718972835788,0.0,5.437520085105689
1630.4322841295111,13.213283376674509,1.0270039378858964,0.9970696933693486,0.0018717232099678875,0.0,5.4583534682533354
1630.4531175121924,13.207100760669174,1.0328687914462005,1.0027004299244553,0.0018603989034968681,0.0,5.479186850934639
1630.4739508944085,13.206973147676285,1.0329901977542155,1.0027550304631065,0.0018580234128015012,0.0,5.500020233150735
1630.4947842761585,13.207340355951175,1.032640887849587,1.0023527288776493,0.0018590560533973137,0.0,5.520853614900716
1630.515617657908,13.209627870897595,1.030467528624606,1.0001799977449695,0.0018626652372036256,0.0,5.541686996650242
1630.5364510387271,13.204774173951744,1.0350844635003704,1.00459785305178,0.0018552423617566407,0.0,5.562520377469355
1630.557284419547,13.207285365697953,1.0326931902612695,1.0022138010031016,0.0018585430357548598,0.0,5.5833537582891495
1630.5781177994345,13.210093291943416,1.030025894190355,0.9995621686873266,0.0018633843340127734,0.0,5.604187138176712
1630.5989511793218,13.209166864275122,1.0309051609163282,1.0003523317913128,0.0018620942144518097,0.0,5.625020518064048
1630.6197845587435,13.207620275464928,1.0323746914424339,1.0017151437993388,0.0018609432039994628,0.0,5.645853897485722
1630.6406179376995,13.20826091064122,1.0317657217344474,1.0010611600589063,0.0018612896199281602,0.0,5.666687276441735
1630.6614513161894,13.206303482727549,1.0336275263255192,1.0028043970979976,0.00186029517634577,0.0,5.687520654931632
1630.6822846942146,13.201817349848417,1.0379071877796857,1.0068930369334972,0.0018526916975883532,0.0,5.708354032956777
1630.703118071774,13.207724353604867,1.032275733254101,1.0013668530448863,0.0018631322268934801,0.0,5.729187410516261
1630.7239514488679,13.202865665488893,1.036905536342048,1.005794784864655,0.0018543609120607596,0.0,5.750020787610083
1630.7447848259615,13.200499804005442,1.0391674574089447,1.0079255033565695,0.0018510085936911936,0.0,5.770854164703678
1630.7656182021242,13.204451253617059,1.035392364748608,1.0042008728290734,0.0018583429046150474,0.0,5.7916875408664055
1630.7864515782853,13.204994813596045,1.034874138503334,1.0036353147273473,0.0018579900431290705,0.0,5.812520917027541
1630.807284953516,13.205981205274306,1.0339343819772029,1.0026610979800126,0.0018591134461397774,0.0,5.833354292258264
1630.8281183287477,13.20471908360538,1.035136985105587,1.0037645346399218,0.0018591662293401447,0.0,5.854187667489896
1630.8489517035132,13.201341969013626,1.0383617265662053,1.0068286211093076,0.0018531229125957256,0.0,5.875021042255412
1630.8697850778126,13.209498869136791,1.0305899709108086,0.9992305234903142,0.0018661012480504309,0.0,5.895854416554812
1630.8906184516463,13.208560635964158,1.0314809346638152,1.0000320468870831,0.0018660554295689424,0.0,5.916687790388551
1630.9114518250149,13.207012544960412,1.0329527151043971,1.001396666382203,0.001863090083428662,0.0,5.937521163757083
1630.9322851979175,13.206914840776475,1.0330456735438196,1.0014245645006055,0.0018638916771075156,0.0,5.958354536659726
1630.953118570354,13.204655745237577,1.0351973734386186,1.0034481680889271,0.001858874150380419,0.0,5.979187909096254
1630.9739519423256,13.208065297271625,1.0319516281737118,1.0002400536458258,0.0018638801644844988,0.0,6.000021281067802
1630.994785313831,13.207740950060002,1.0322599541109894,1.000477079877794,0.0018639529957609692,0.0,6.0208546525732345
1631.0156186853364,13.209794313086938,1.0303095711713754,0.9985251921573077,0.0018662701091657068,0.0,6.041688024078667
1631.036452055911,13.204457976448325,1.0353859536640562,1.0033832500002466,0.0018562157602391265,0.0,6.062521394653231
1631.057285426486,13.206197762318789,1.033728177703336,1.0017152219660372,0.0018605367556578333,0.0,6.0833547652282505
1631.0781187961284,13.208322461475255,1.0317072321673075,0.9996956274296469,0.0018614545696856197,0.0,6.104188134870583
1631.0989521657712,13.204765943092085,1.0350923104038907,1.0029143765267594,0.0018547344439617355,0.0,6.12502150451337
1631.119785534483,13.203751793938762,1.0360596065118306,1.0037904215422702,0.0018515207065676583,0.0,6.145854873225289
1631.1406189031945,13.204951512473285,1.0349154119779636,1.0026209538451072,0.0018534703919926634,0.0,6.166688241936754
1631.1614522714403,13.201985203086647,1.0377467412406405,1.0053029782392575,0.0018482363732884853,0.0,6.187521610182557
1631.18228563922,13.206433392021502,1.0335038592794563,1.0011322136092924,0.0018538825449442532,0.0,6.2083549779622444
1631.2031190060688,13.20393969885619,1.035880314480722,1.0033737586586564,0.0018505705900693518,0.0,6.229188344811064
1631.2239523729186,13.20610623447078,1.0338153249341817,1.0013134183924273,0.0018537740052498872,0.0,6.250021711660793
1631.286452470672,13.214545127113327,1.025811134323061,0.9933829669159531,0.0018653688451937419,0.0,6.312521809414193
1631.3072858356586,13.208999458089215,1.0310641251340804,0.9984106927659128,0.0018561391031492527,0.0,6.333355174400822
1631.3489525646992,13.207541826009678,1.032449287976838,0.9996340937022526,0.0018523798756092862,0.0,6.375021903441393
1631.3697859282884,13.203810624282928,1.0360034694025926,1.0030165136827,0.001845857819431529,0.0,6.3958552670305835
1631.3906192914114,13.204053997884548,1.0357712696860897,1.0027331773778567,0.0018438678632395743,0.0,6.416688630153658
1631.432286016729,13.211967273300381,1.0282496022451526,0.9953359217115904,0.0018556617118884579,0.0,6.4583553554712125
1631.4531193784555,13.204839180138439,1.0350224918360795,1.0018342557749922,0.001843756996133623,0.0,6.479188717197758
1631.473952740182,13.215273659467314,1.0251230427584188,0.9921952993797097,0.00185970644973882,0.0,6.500022078924303
1631.4947861009769,13.209919562763126,1.0301907223234097,0.9970432568380146,0.0018511066927490837,0.0,6.520855439719071
1631.5156194617725,13.216648602385753,1.0238256801265297,0.9908266734135063,0.0018614838879052068,0.0,6.541688800514748
1631.536452821636,13.205078242264573,1.0347946211638228,1.0013854077094773,0.0018428149533410562,0.0,6.562522160378194
1631.5572861814999,13.206903848653655,1.0330561322743612,0.9996467929679741,0.001845566756809477,0.0,6.583355520242094
1631.578119540433,13.216119808580075,1.024324442658292,0.991141959035641,0.0018609098300628847,0.0,6.604188879175126
1631.5989528993655,13.211510240016013,1.028682528046664,0.9953034510654936,0.0018532715985028153,0.0,6.625022238107704
1631.6197862573665,13.20569858206477,1.0342035559146232,1.0005898908627737,0.0018442768779034701,0.0,6.645855596108731
1631.640619615369,13.206011559885493,1.0339054760262893,1.0002464060373655,0.001844827530379448,0.0,6.666688954111123
1631.6614529729045,13.208818755072972,1.0312357431588381,0.9976089514152229,0.00184958379312853,0.0,6.687522311646717
1631.6822863295083,13.216902748554503,1.0235860538511126,0.9901547946778814,0.001862676984943646,0.0,6.708355668250533
1631.7031196861135,13.211920818363179,1.0282935984685497,0.9946547351975585,0.0018548139084590596,0.0,6.729189024855714
1631.7239530422526,13.209038386013047,1.0310271580825787,0.9972452561125902,0.0018502818555775952,0.0,6.750022380994778
1631.7447863974594,13.221391349941092,1.0193631259334386,0.9859107234142396,0.0018714645530928731,0.0,6.770855736201611
1631.7656197526667,13.217037102422509,1.0234593985581601,0.9898200078153138,0.001862925090996066,0.0,6.791689091408898
1631.7864531074085,13.205377024140091,1.034509896993099,1.0004545541252914,0.0018442697351154385,0.0,6.812522446150751
1631.8072864616845,13.21953847778663,1.0211042137693662,0.9874384662374973,0.0018670036746337682,0.0,6.833355800426716
1631.8281198150285,13.21743961157766,1.0230800472708592,0.9892977151004094,0.0018628419617437596,0.0,6.854189153770676
1631.8489531683736,13.206079507422507,1.0338407741842524,0.9996515249151464,0.0018459703582576227,0.0,6.875022507115773
1631.869786521253,13.215871390745875,1.024558836216421,0.9906257930904457,0.0018606075639105225,0.0,6.8958558599952084
1631.8906198736665,13.214908497180257,1.0254678771941739,0.9914543025945862,0.0018594794004430143,0.0,6.916689212408755
1631.9114532256144,13.207071838227352,1.032896305943084,0.9985859429859986,0.0018480336265911505,0.0,6.937522564356641
1631.9322865766317,13.219638363317273,1.0210102785719113,0.987045378044449,0.0018674241908397382,0.0,6.958355915373886
1631.9531199220596,13.215444384537332,1.0249618613929328,0.9908163365650907,0.0018601927953406285,0.0,6.9791892608018316
1631.9739532726098,13.206530287525599,1.0334116293173425,0.9989354551459071,0.00184634589450059,0.0,7.000022611352051
1631.9947866222296,13.21922176883519,1.0214021130333162,0.9872784215408162,0.0018648222202069455,0.0,7.020855960971858
1632.0364533210025,13.206240701953288,1.0336872957356964,0.9990569842762447,0.0018430121810022288,0.0,7.062522659744673
1632.0572866696905,13.20892960032414,1.0311304673563904,0.9965384808621794,0.0018477865154875942,0.0,7.083356008432702
1632.078120017913,13.209377692860375,1.0307049988741743,0.9960804787043758,0.0018469521591759975,0.0,7.104189356655297
1632.0989533652046,13.208730311253763,1.0313197508046714,0.9966281791334294,0.0018456412343925705,0.0,7.125022703946797
1632.1197867124952,13.206411811260669,1.033524402042213,0.9987126210617202,0.0018419260662058982,0.0,7.145856051237388
1632.1406200593206,13.203917553400263,1.03590144325556,1.0009639293586103,0.0018370352622530766,0.0,7.166689398062772
1632.1822867515748,13.206747303273433,1.0332050927894196,0.9982688908220352,0.0018421433510101323,0.0,7.208356090317011
1632.203120096538,13.210728624661034,1.029423337402604,0.994571085571357,0.0018471811080367313,0.0,7.229189435280205
1632.2239534415016,13.202985348168635,1.0367912426553592,1.0016458342285797,0.0018347301212783623,0.0,7.250022780243853
1632.2447867859985,13.204974123563899,1.0348938594844652,0.9997696124515356,0.001838653869200702,0.0,7.270856124740703
1632.2864534731302,13.210965907523295,1.029198386051267,0.9941832403283549,0.0018466301425765924,0.0,7.312522811872441
1632.3072868162299,13.208625078352952,1.0314197143392825,0.9962875574818442,0.0018441146851784947,0.0,7.33335615497208
1632.3281201588645,13.201267326972845,1.0384331141668284,1.0030208927494606,0.0018323990763623632,0.0,7.35418949760674
1632.3489535005674,13.203269074792008,1.0365203418190696,1.0011328371991213,0.0018334725868299321,0.0,7.375022839309622
1632.369786842271,13.206350171287404,1.033583079485823,0.9982559928428072,0.0018385328562791987,0.0,7.395856181013187
1632.3906201830425,13.20183830397168,1.0378871569239498,1.0023734906121662,0.0018316708906433686,0.0,7.416689521784747
1632.411453523814,13.200477428653485,1.0391888732713712,1.0035917347424514,0.001828206828975578,0.0,7.437522862556307
1632.4322868641207,13.199550885251638,1.040076072708507,1.0044101458401762,0.0018264352699241728,0.0,7.458356202862888
1632.4531202034955,13.199818344977135,1.0398198924325557,1.0041249432023305,0.0018273713473301323,0.0,7.479189542237691
1632.4739535428698,13.199044147801722,1.0405616128476376,1.004803992207363,0.0018245852491982632,0.0,7.50002288161204
1632.4947868813128,13.205378703906192,1.0345082964815724,0.9989222607442488,0.001836353007733707,0.0,7.520856220055066
1632.5156202197568,13.206121418369143,1.033800867244562,0.9982033600810831,0.0018364621814247403,0.0,7.541689558499002
1632.536453557269,13.20283520087197,1.0369346312299164,1.0011939387957023,0.0018311463347636522,0.0,7.56252289601116
1632.557286894781,13.203631276954376,1.036174615764568,1.0004255024829705,0.001830180044273752,0.0,7.583356233523318
1632.578120231363,13.202670195402892,1.0370922320234124,1.001277419976424,0.0018301841042398378,0.0,7.604189570105291
1632.598953567479,13.200000713210464,1.0396452513079537,1.0037088090932165,0.0018247143553484291,0.0,7.625022906221147
1632.6197869035936,13.200006505632196,1.0396397047970636,1.003670598603978,0.0018248950794979518,0.0,7.645856242335867
1632.6406202387775,13.201744832125804,1.0379765132556573,1.0020328405068195,0.0018278326524937528,0.0,7.666689577519719
1632.6614535734961,13.202945970288559,1.0368288460634467,1.0008934629746349,0.0018304140244584496,0.0,7.687522912238364
1632.6822869077487,13.196171065707787,1.0433188000816744,1.0071275518642768,0.0018197606404082324,0.0,7.708356246490894
1632.723953575322,13.19897232943985,1.0406304453152506,1.004472743476715,0.0018246969114967932,0.0,7.750022914064175
1632.744786908178,13.197236099436285,1.0422958767474304,1.0060514248875916,0.0018214804968323384,0.0,7.770856246920175
1632.7656202405674,13.197655455115452,1.0418933772335417,1.0056347892041317,0.0018225201569253228,0.0,7.791689579309605
1632.7864535724916,13.201600771377656,1.0381142461535193,1.001959815557213,0.001828683290480006,0.0,7.8125229112338275
1632.8072869039506,13.201168756237186,1.0385273946763365,1.0023319494806004,0.0018275131054528797,0.0,7.833356242692844
1632.828120234944,13.198972514078942,1.0406302683468105,1.0043355617875251,0.0018239016854056241,0.0,7.854189573686199
1632.8489535654705,13.196636258960655,1.0428718766909235,1.0064737011380018,0.001819578513887224,0.0,7.875022904212756
1632.8697868950667,13.205498149816721,1.0343944926054056,0.9982678239820169,0.001834932713414256,0.0,7.8958562338089
1632.890620224663,13.196577797689066,1.0429280314522478,1.0064795447086872,0.0018200344505964665,0.0,7.916689563405271
1632.9114535537924,13.199200641463896,1.040411641278377,1.004028090453633,0.0018245385615635198,0.0,7.937522892534616
1632.932286882457,13.195956390670673,1.0435251086169002,1.0070104144330356,0.001819320836969309,0.0,7.95835622119921
1632.9531202101905,13.200806394887033,1.0388740580670106,1.0025007046240313,0.0018263018645693727,0.0,7.979189548932709
1632.9739535379244,13.196941354265526,1.0425788675678802,1.0060550625467026,0.0018203044989277709,0.0,8.000022876666662
1632.994786864726,13.198243972444821,1.0413287777001976,1.0048288775804761,0.0018215584849148895,0.0,8.020856203468156
1633.0156201915274,13.197357612668972,1.0421792317891434,1.0056304135242036,0.0018212515139508342,0.0,8.04168953026965
1633.0364535173985,13.20129210933496,1.038409411787141,1.0019745459993736,0.0018262687275420637,0.0,8.062522856140731
1633.0572868432696,13.19523941530055,1.044214437098605,1.007558360031545,0.0018162313725214381,0.0,8.083356182011812
1633.078120168208,13.203400514300846,1.0363948679905683,0.999996703828313,0.0018300761969316428,0.0,8.104189506950206
1633.098953492682,13.202646419212403,1.0371149432237436,1.0006757140892537,0.001827084787428277,0.0,8.125022831424303
1633.1197868166905,13.198705251060616,1.0408864596933765,1.0042997583707374,0.001821587441115981,0.0,8.145856155432739
1633.1406201406985,13.198779641939284,1.0408151442068425,1.0042167858962274,0.0018215697996390246,0.0,8.16668947944072
1633.1822867863862,13.200144876761195,1.0395072168569663,1.0029291902670538,0.001823117953058548,0.0,8.208356125128375
1633.203120108531,13.196611416047997,1.042895739090683,1.006186868900819,0.0018182151240699268,0.0,8.229189447273257
1633.223953429745,13.200736649529187,1.0389407952448801,1.0023604928374503,0.0018230758272365264,0.0,8.25002276848727
1633.244786750959,13.200291290308947,1.039367046825573,1.0027619622389308,0.0018224652419629136,0.0,8.270856089701283
1633.2656200717079,13.198355856188542,1.0412214756144793,1.0045421845201659,0.0018193675563479997,0.0,8.29168941045009
1633.2864533919906,13.199757635723671,1.039878035887695,1.0032380873671438,0.0018207265253557085,0.0,8.31252273073278
1633.307286711341,13.203981572515879,1.0358403643868204,0.9993356501872397,0.0018284012037090983,0.0,8.333356050083239
1633.3489533491124,13.20329448434878,1.0364960843482693,0.9999569121226386,0.0018256350524643483,0.0,8.375022687854653
1633.3697866675325,13.200967932258251,1.0387195044100295,1.0020976794842682,0.0018229359978440003,0.0,8.395856006274698
1633.390619985022,13.2008346276433,1.03884704423381,1.0022173945021022,0.001822626792413084,0.0,8.41668932376433
1633.4114533020452,13.20094536954532,1.0387410902919494,1.0021127634612006,0.0018217875102474845,0.0,8.437522640787392
1633.4322866186026,13.202916228762803,1.0368572482610119,1.000293926286602,0.0018251528708453234,0.0,8.458355957344793
1633.4531199351595,13.199445541778292,1.0401769909066958,1.0034961917071807,0.0018192295683227082,0.0,8.479189273901738
1633.473953250786,13.198965543722906,1.0406369491471044,1.0039404567613468,0.0018189588777813126,0.0,8.500022589528271
1633.4947865654804,13.202207543963626,1.03753424957285,1.0009486800875538,0.0018237619898591381,0.0,8.520855904222572
1633.515619880175,13.202359470339044,1.0373890782234154,1.0008111383726082,0.0018230270535585656,0.0,8.541689218917327
1633.5364531944047,13.201033610977941,1.0386566717408594,1.00203754465825,0.0018209115307699112,0.0,8.562522533146876
1633.557286508168,13.198277978442706,1.0412961630839517,1.0045885410638211,0.00181687345466735,0.0,8.583355846910308
1633.5781198209995,13.202612926144731,1.037146936903799,1.0005911135944805,0.001824164390232837,0.0,8.604189159741736
1633.5989531338319,13.196546775526386,1.0429578309054977,1.0062038188182578,0.001813605453420104,0.0,8.625022472574074
1633.619786445733,13.19839367558021,1.0411852074336776,1.0045013020584737,0.0018176188877336305,0.0,8.645855784475316
1633.6406197576334,13.199199909541951,1.0404123426461371,1.0037643617240721,0.001817737876633311,0.0,8.666689096375649
1633.6614530686024,13.2015874450727,1.038126988025682,1.0015692339387732,0.0018205489532193673,0.0,8.687522407344659
1633.6822863791072,13.198530082928292,1.0410544055031303,1.0044043991142138,0.0018167940720075627,0.0,8.708355717849372
1633.7031196891448,13.200707692978371,1.0389685041330745,1.0024038420712102,0.001820084269240544,0.0,8.72918902788706
1633.7239529987173,13.208536020584495,1.0315043202546563,0.9952152241218409,0.0018319405134294502,0.0,8.75002233745954
1633.7447863078241,13.196201279471506,1.043289767109418,1.0066001746050202,0.001814394634038643,0.0,8.77085564656636
1633.7656196164655,13.198759045120894,1.0408348890433385,1.0042468167281273,0.001819115397288326,0.0,8.791688955207746
1633.7864529246403,13.205885931914999,1.0340251137070064,0.997692631744738,0.0018283689376094067,0.0,8.812522263382562
1633.8072862318845,13.198357396718926,1.0412199982462422,1.0046521733931961,0.0018170765880085565,0.0,8.833355570626736
1633.8281195391296,13.200159583388515,1.0394931365107183,1.003004504780048,0.0018190857196575298,0.0,8.85418887787182
1633.8489528454425,13.203263785855295,1.0365253910233032,1.0001605705180745,0.0018231910025478524,0.0,8.875022184184672
1633.8697861512896,13.200378841418154,1.0392832381908361,1.0028424844631703,0.0018199481348376428,0.0,8.895855490031863
1633.8906194571364,13.201406419535685,1.0383000900758703,1.0019158143226243,0.001820649402515426,0.0,8.9166887958786
1633.9114527620525,13.203217906101862,1.0365691922099503,1.0002686625275314,0.001822836734501378,0.0,8.937522100794695
1633.9531193704865,13.201112236413572,1.0385814583731445,1.0022603170818156,0.0018203240718352807,0.0,8.979188709228765
1633.973952674006,13.203245048463668,1.0365432793001117,1.0003200573103732,0.0018225227392935064,0.0,9.000022012748104
1633.994785976594,13.200073791015978,1.03957527810786,1.00327407429222,0.0018183003218553084,0.0,9.02085531533612
1634.0156192791815,13.199483798563922,1.0401403400822067,1.0038485585615802,0.001816811411221322,0.0,9.041688617923683
1634.0364525808368,13.201727208700001,1.0379933615936332,1.0018068252186119,0.0018199065061212777,0.0,9.062521919579012
1634.057285882494,13.197454878024635,1.0420858726538145,1.0057883702233579,0.0018142275562431863,0.0,9.083355221236161
1634.0781191832184,13.198982984206566,1.0406202332396308,1.004406695442225,0.0018149552172693202,0.0,9.104188521960623
1634.0989524834777,13.201101678871053,1.0385915574387996,1.0024827095612319,0.0018189876877830178,0.0,9.125021822219878
1634.1197857832715,13.19963479730699,1.039995692641847,1.0038734237369422,0.0018169270241185824,0.0,9.1458551220137
1634.1406190826,13.205245644209384,1.0346350858386693,0.9987355170869915,0.0018243763168029317,0.0,9.166688421342315
1634.1614523814615,13.200209591978926,1.0394452589607976,1.003416732817005,0.0018173246906491732,0.0,9.187521720203677
1634.1822856793924,13.199261061276866,1.0403537453295681,1.0043330112486908,0.001816412676956676,0.0,9.208355018134625
1634.2031189773238,13.204424366905187,1.0354180050844048,0.999608548928966,0.0018230253171463756,0.0,9.229188316066029
1634.2239522743234,13.198930100192385,1.0406709209805436,1.0047217037516063,0.0018158619883529466,0.0,9.250021613065655
1634.2447855713226,13.20478300227417,1.0350760470708646,0.9993630958388472,0.001823507492296921,0.0,9.270854910064827
1634.265618867391,13.201117501778993,1.038576421700687,1.0027871768222896,0.0018182091097537862,0.0,9.29168820613313
1634.286452162994,13.202633031910782,1.0371277310962463,1.001434204751061,0.0018207787403823495,0.0,9.312521501736228
1634.3072854581305,13.20226938452651,1.037475156144335,1.0018167793845145,0.001819668942458545,0.0,9.333354796872754
1634.3281187523362,13.201132131436692,1.0385624275876493,1.002915226652691,0.0018180755526978917,0.0,9.354188091078413
1634.3489520465419,13.204641138485933,1.035211300369106,0.9997288754664704,0.001823099522060324,0.0,9.375021385284072
1634.3906186330892,13.215338296803251,1.0250620157337427,0.9900300908949228,0.0018396922975341832,0.0,9.41668797183138
1634.4114519254326,13.210672556856494,1.0294764985632239,0.9943473357252955,0.0018334981750334897,0.0,9.437521264174848
1634.43228521731,13.20830369736282,1.031725062684247,0.9965743073075498,0.0018292566629903985,0.0,9.4583545560522
1634.4531185087217,13.207212274714735,1.03276271276684,0.9976332239401422,0.0018278450733264723,0.0,9.47918784746389
1634.4739517996675,13.207128006618854,1.032842872500236,0.9977686874197197,0.001826009260112844,0.0,9.500021138409693
1634.494785090148,13.205501173163427,1.034391612229109,0.999324418050793,0.0018246126584385385,0.0,9.520854428890289
1634.5156183796967,13.205090334357042,1.0347830964836013,0.9997636550733994,0.0018239912259179944,0.0,9.54168771843888
1634.5364516692455,13.209261100586495,1.0308156875401666,0.9959927802690335,0.001830391132781717,0.0,9.562521007987698
1634.5572849578639,13.209398323421272,1.0306854141719883,0.9959306526165509,0.0018312185128828136,0.0,9.583354296606103
1634.578118246016,13.215841588060705,1.0245869600124036,0.9901026472376387,0.0018406443525518063,0.0,9.604187584758165
1634.5989515337023,13.211080884301728,1.029089402258644,0.994520121612729,0.0018324042019784252,0.0,9.625020872444566
1634.619784820923,13.21035550185411,1.0297771685919321,0.9952529198904166,0.0018313034892048804,0.0,9.645854159665305
1634.6406181076782,13.208974015809474,1.0310882865548272,0.9965897769991934,0.0018298451047289261,0.0,9.666687446420383
1634.6614513935015,13.212053623973661,1.0281678268430463,0.9938380634978589,0.001833729325004554,0.0,9.687520732243684
1634.6822846788596,13.208642878467046,1.031402804856098,0.997037816494369,0.0018288206528690094,0.0,9.708354017601778
1634.703117964218,13.216149202762047,1.0242967114549255,0.9902423056116588,0.001840168347187106,0.0,9.729187302960327
1634.7239512486449,13.207367940796974,1.0326146523075839,0.9983596693726792,0.0018267014234550566,0.0,9.750020587387098
1634.7447845326055,13.212798243951843,1.0274629301735163,0.9934559760167357,0.001834894538696035,0.0,9.770853871347754
1634.7656178156353,13.216192619365476,1.0242557525233134,0.9904334137863946,0.0018398993736294163,0.0,9.791687154377541
1634.786451098665,13.208433160723546,1.0316020469551959,0.9976177300030951,0.0018295347429256293,0.0,9.81252043740733
1634.8072843807627,13.210926637571898,1.0292356117616577,0.9954112798463313,0.0018322194994668164,0.0,9.833353719504885
1634.828117662395,13.214046510203216,1.0262823392458504,0.992638448313422,0.001837772414582505,0.0,9.854187001137234
1634.8489509435626,13.204999050789203,1.0348700998123126,1.0010303674001804,0.0018227267572429862,0.0,9.875020282304831
1634.869784224264,13.20974679724111,1.0303546623286848,0.9967495390173883,0.0018302599464612242,0.0,9.895853563006312
1634.8906175044995,13.20542643282497,1.0344628205390956,1.0008126364676657,0.0018230175849616671,0.0,9.916686843241678
1634.91145078427,13.207044232883302,1.0329225681421845,0.9994129620408195,0.0018260844265827348,0.0,9.937520123012291
1634.932284063109,13.212462926046303,1.0277803000129033,0.994529192596116,0.0018346816266441748,0.0,9.958353401851127
1634.9531173414816,13.205241446690314,1.034639085805585,1.00126003812633,0.0018234375735287887,0.0,9.979186680223847
1634.9739506193891,13.212484514837392,1.027759863820865,0.9946977361620223,0.0018341542734230437,0.0,10.000019958131361
1634.9947838968314,13.207744719312588,1.0322563705133057,0.9991467286309389,0.0018276987815277986,0.0,10.020853235573668
1635.015617173808,13.209826026278783,1.030279477371648,0.997331909193025,0.0018336819835762014,0.0,10.041686512550314
1635.0364504498525,13.211587246279377,1.0286095709248382,0.9958155815574184,0.0018327858635139053,0.0,10.062519788594727
1635.0572837254315,13.215111156151357,1.0252764855193317,0.9926903588684086,0.0018389618241438286,0.0,10.083353064173707
1635.0989502751913,13.210365231014311,1.029767940915714,0.9972483635941864,0.001830208506244185,0.0,10.125019613933546
1635.1197835493736,13.20858926476209,1.031453736832706,0.9989883941026637,0.001828516333747068,0.0,10.145852888115769
1635.140616822625,13.210465223151768,1.0296731076075116,0.9973728542292232,0.0018303339099144432,0.0,10.166686161367124
1635.1614500958758,13.212434505984533,1.0278072033820467,0.9956761342545252,0.0018353502020662597,0.0,10.187519434618025
1635.1822833681954,13.212711984218945,1.0275445634453146,0.9955341137579189,0.0018345734178766605,0.0,10.208352706937603
1635.2031166395836,13.210140291858686,1.0299813068571406,0.9980093985018976,0.001830470300160945,0.0,10.229185978325859
1635.223949910972,13.216415314471156,1.0240456892029441,0.9923736894748693,0.0018403101011898566,0.0,10.250019249714114
1635.2447831818945,13.21082027475254,1.029336444508426,0.9976188815084729,0.0018333312271466731,0.0,10.270852520636709
1635.2656164518849,13.21176393676616,1.0284421907293961,0.9968719717143809,0.0018332146139042522,0.0,10.29168579062707
1635.2864497214114,13.207872703996717,1.0321346971099303,1.0005732121826465,0.0018272597190496886,0.0,10.31251906015359
1635.3072829904713,13.207671944163458,1.0323255633141974,1.000882250290616,0.0018268038617154638,0.0,10.33335232921354
1635.3281162586004,13.207687960006599,1.0323103354510423,1.0009933603831958,0.0018272828302562103,0.0,10.354185597342621
1635.3489495267277,13.214495106136575,1.0258583955792437,0.9948641394742589,0.0018366078987569264,0.0,10.375018865469883
1635.3697827939245,13.212380084025128,1.0278587229717426,0.9969331576398519,0.0018346343829497539,0.0,10.395852132666732
1635.3906160606566,13.209390176903334,1.0306931476607304,0.9998136825423459,0.0018296435066914119,0.0,10.41668539939883
1635.411449326456,13.211131882470314,1.0290410659850115,0.9983442355416953,0.0018313685214418974,0.0,10.43751866519824
1635.4322825922568,13.20847587015063,1.031561467792734,1.0009248484480264,0.0018278070492038878,0.0,10.458351930999015
1635.4531158571258,13.216984078052594,1.0235093827206871,0.9932481973368512,0.0018401792991514497,0.0,10.479185195868013
1635.4739491215296,13.213479135028276,1.0268187856581092,0.9965984134346139,0.00183539864645855,0.0,10.500018460271804
1635.4947823854668,13.210861132048878,1.0292977103180518,0.9991454078585761,0.0018314727976055055,0.0,10.520851724209024
1635.5156156484736,13.217330857425306,1.023182530521846,0.9933515210039996,0.0018409219148817076,0.0,10.541684987215831
1635.5364489114795,13.209447608337374,1.0306386292429806,1.000735436907817,0.0018289053218040277,0.0,10.562518250221729
1635.5572821735536,13.21462031631798,1.0257400974981454,0.9961255379886227,0.0018376838345025297,0.0,10.583351512295849
1635.5781154346969,13.210049029649792,1.0300678861932868,1.0004775571481497,0.001829994553550699,0.0,10.604184773439101
1635.598948695841,13.216435556523269,1.0240265974632698,0.994760143031279,0.0018404486080802875,0.0,10.625018034583263
1635.6197819560534,13.217569051551493,1.0229580843480308,0.993874378215889,0.0018402946910746653,0.0,10.645851294795648
1635.6406152157995,13.210030295518317,1.0300856599339168,1.0009546568373002,0.00183028263781996,0.0,10.666684554541689
1635.6614484750812,13.20793645797043,1.0320740923735836,1.0030446067350767,0.001827414584002915,0.0,10.687517813823433
1635.6822817334305,13.215283559073896,1.0251136958576603,0.9964387514596551,0.0018388440080593798,0.0,10.708351072172718
1635.7031149917798,13.205982684254256,1.0339329735621832,1.0051736027392821,0.0018240063284656626,0.0,10.729184330522003
1635.723948249199,13.214037959050074,1.026290422177939,0.9979067944456947,0.0018350286537742412,0.0,10.750017587941329
1635.7447815056862,13.208050041591253,1.0319661282288224,1.0035917275448418,0.0018273044538024133,0.0,10.770850844428423
1635.765614762172,13.208914235569178,1.031145059463568,1.002961513314729,0.0018284211228470522,0.0,10.791684100914154
1635.7864480177268,13.214948529679031,1.0254300675636716,0.9975721593319363,0.0018380526423081914,0.0,10.812517356469016
1635.8072812723522,13.213458169399766,1.0268386137793113,0.9991143079730009,0.0018351548606463943,0.0,10.833350611094374
1635.8281145269766,13.20951356779414,1.030576018915613,1.0029255029872266,0.0018292680619230027,0.0,10.854183865718824
1635.8489477806688,13.218042115897852,1.0225124700398516,0.9952538360955572,0.0018417392642140523,0.0,10.87501711941104
1635.8697810338972,13.209164605019396,1.03090730607903,1.0036040434029512,0.0018284438037974547,0.0,10.895850372639416
1635.890614286659,13.209119787154458,1.0309498615522847,1.003826921905176,0.0018279077652081689,0.0,10.91668362540122
1635.9114475384895,13.211987294295577,1.0282306414787639,1.0013624358345037,0.0018332883460963076,0.0,10.937516877231701
1635.9322807898538,13.209020126793273,1.031044497386259,1.0042886995941689,0.0018278761990108573,0.0,10.958350128596066
1635.9531140407526,13.212660921640115,1.0275928903859484,1.001114274882681,0.001834110286509156,0.0,10.97918337949477
1635.9739472907195,13.20888885211803,1.0311691669089051,1.0047889747463843,0.0018278931243067916,0.0,11.000016629461697
1635.9947805402217,13.217161874438746,1.0233417901051372,0.9973532463508971,0.0018403453482310301,0.0,11.020849878963872
1636.0156137892586,13.210975868820432,1.029188943514617,1.0032467353686636,0.0018315045771845734,0.0,11.041683128000841
1636.0364470373638,13.214357309443612,1.0259886011158155,1.0003235912450072,0.0018366368255309945,0.0,11.062516376106032
1636.0572802850033,13.211620745433162,1.0285778348378556,1.0030474317063212,0.0018314892378438411,0.0,11.083349623745562
1636.0781135321765,13.210360690634353,1.0297722472541009,1.0044141765535621,0.001830856297378806,0.0,11.104182870918748
1636.0989467784195,13.215911320210488,1.0245211573277917,0.9994956982016322,0.0018383825396685383,0.0,11.12501611716175
1636.1197800241966,13.214625459921912,1.0257352381333393,1.0008860720816695,0.0018367663053515753,0.0,11.145849362938861
1636.1406132695065,13.213435977578076,1.0268596019827119,1.0021917597180048,0.0018344106037121663,0.0,11.16668260824872
1636.161446513886,13.21268285982945,1.0275721272396754,1.0030982967919897,0.0018348313690231576,0.0,11.187515852628167
1636.182279757801,13.211887159661462,1.0283254768970742,1.0040474353330757,0.0018335771172698426,0.0,11.208349096543316
1636.2031130012485,13.216795774590182,1.0236869093369019,0.9997335450827503,0.0018399683347367804,0.0,11.229182339990757
1636.223946243766,13.215212483097238,1.0251808054757379,1.0014104685088099,0.0018379898173460304,0.0,11.25001558250824
1636.244779485818,13.214291504688463,1.0260507865476112,1.0024808906999172,0.001835684447697696,0.0,11.27084882456029
1636.265612726938,13.214670983593596,1.0256922311348755,1.0023536058647826,0.0018369653691730871,0.0,11.291682065680106
1636.286445967592,13.211384511485656,1.0288016566440856,1.0056184913380273,0.0018318206023336656,0.0,11.312515306334262
1636.3072792077805,13.216302751115464,1.0241518623176953,1.0013011958574038,0.0018384390429480272,0.0,11.333348546522757
1636.3281124470382,13.214108134133408,1.0262240914355576,1.0035579089967146,0.0018355753897052551,0.0,11.354181785780384
1636.3489456858297,13.218562374649203,1.0220226239565742,0.999681538239581,0.001843429734806497,0.0,11.375015024571894
1636.3697789236899,13.213793057276467,1.0265219413003392,1.004318384630399,0.001835085949788587,0.0,11.395848262432082
1636.3906121610855,13.216526223193021,1.0239410875535682,1.0020312679153394,0.001839143492429836,0.0,11.416681499827746
1636.4114453980146,13.220240015231962,1.0204446507379308,0.9988493220969865,0.0018452657100300849,0.0,11.437514736756839
1636.4322786340126,13.217980775399168,1.0225702402388699,1.0011726873592672,0.0018425254101422995,0.0,11.458347972754837
1636.4531118690784,13.215996080890779,1.0244411786733805,1.003250285827504,0.0018383016428388385,0.0,11.479181207820602
1636.473945104145,13.216477561273265,1.023986980888836,1.003053852208899,0.0018384634183483425,0.0,11.500014442887277
1636.4947783378145,13.215525545779071,1.024885246034705,1.0041850227003015,0.0018376012933514463,0.0,11.520847676556741
1636.515611571484,13.221895632359873,1.0188897811729418,0.9985630909422017,0.001848064841611684,0.0,11.541680910226205
1636.5364448042228,13.221536478537539,1.0192268784249157,0.9991486603659907,0.0018473415127771347,0.0,11.562514142965028
1636.5572780360294,13.217670290748917,1.0228627033275028,1.0029716498670216,0.001841238517030246,0.0,11.58334737477162
1636.5781112673703,13.221933884312154,1.0188538849427498,0.9993012956948175,0.0018471666139433774,0.0,11.60418060611255
1636.5989444977804,13.216588652897098,1.0238822127541276,1.0044976764046667,0.0018388564519000177,0.0,11.625013836522612
1636.6197777277243,13.223783012228852,1.017120141753596,0.9981291745593769,0.001850396948654089,0.0,11.645847066466558
1636.6406109567374,13.224216448908535,1.016714178325671,0.9979989643904263,0.0018514428496847215,0.0,11.666680295479637
1636.6614441852844,13.221178156519201,1.0195633060967806,1.0010673598792958,0.0018465221119621977,0.0,11.687513524026599
1636.6822774133666,13.224154283150982,1.0167723937709323,0.9986008393895824,0.0018512819834099273,0.0,11.70834675210881
1636.703110640051,13.22267062124614,1.018162766171054,1.0002432708286624,0.001848139134499481,0.0,11.729179978793127
1636.7239438667357,13.22906469342557,1.0121842661007798,0.9946481344205111,0.001858155797957643,0.0,11.750013205477899
1636.7447770920226,13.219671450828013,1.0209791640399855,1.0035740525579022,0.0018443763846855332,0.0,11.770846430764777
1636.7656103168451,13.225178277883217,1.0158138932220462,0.9987816395289644,0.0018516930117143961,0.0,11.791679655587359
1636.786443541201,13.226700522532745,1.0143906803229394,0.9976695682957993,0.0018548341763415248,0.0,11.812512879943142
1636.8072767646258,13.222204198561847,1.0186002538666379,1.0021011136606206,0.0018480225346814,0.0,11.833346103368058
1636.8281099871201,13.229736416299286,1.0115582419874287,0.9954654276638509,0.0018598989119664156,0.0,11.854179325862333
1636.8489432091478,13.225084320907557,1.0159018030942926,1.0000363182139238,0.0018522822861521268,0.0,11.875012547890037
1636.8697764302447,13.22558808022678,1.0154305548376241,0.9998716641041311,0.0018529142156257004,0.0,11.895845768986874
1636.8906096508754,13.224869797350442,1.0161025483573785,1.0008357493020845,0.0018526224341681738,0.0,11.916678989617594
1636.911442870575,13.226192429104428,1.0148654971821498,0.9999223060582124,0.001854222764885436,0.0,11.93751220931722
1636.973942524552,13.229767533320505,1.0115292513098713,0.997565176084336,0.001859711649145142,0.0,12.000011863294276
1636.9947757409918,13.225567406515738,1.0154498900294011,1.001748953661748,0.0018538301691124492,0.0,12.020845079734045
1637.0156089569655,13.226772506985608,1.014323428317144,1.0009577095423352,0.0018550621913381155,0.0,12.041678295707698
1637.0989418120155,13.228561163283135,1.012653794046007,1.0006189077138024,0.001858126075304111,0.0,12.1250111507577
1640.0780738514875,13.249108151513553,0.9936700473924909,0.997351034994973,0.0021568910414487483,1.0,15.104143190229706
1640.098906843013,13.246760113341239,0.9958213065111099,0.9994870330529613,0.0021652067410582957,1.0,15.1249761817553
1640.1614058222453,13.24190326855578,1.0002859115986615,1.003901431583475,0.002171676195637295,1.0,15.18747516098756
1640.2030718127476,13.239337029721833,1.002652976979019,1.0062352899781475,0.0021691898914306335,1.0,15.229141151489785
1640.2239048089295,13.23986158333757,1.0021686805061385,1.0057292185307665,0.002168291406662999,1.0,15.249974147671765
1640.2655708040875,13.239494556683127,1.002507514924213,1.0060307358746785,0.0021619232232783217,1.0,15.291640142829692
1640.2864038025975,13.246170361066016,0.9963623655728042,0.9998456634975685,0.002173356602718063,1.0,15.312473141339751
1640.307236802039,13.241273580686169,1.0008662096375147,1.0043473250184516,0.0021625105599226728,1.0,15.333306140781133
1640.4322348121937,13.242797176619113,0.9994626953811255,1.0028423207501507,0.0021858071756838586,1.0,15.458304150935874
1640.4739008208555,13.241160714534729,1.0009702586582594,1.0043266911704973,0.002193250572029203,1.0,15.499970159597751
1640.5363998378066,13.24880704409536,0.9939456603027206,0.9972399513569757,0.002224282850778225,1.0,15.562469176548802
1640.557232844699,13.244821558788221,0.9976009085302369,1.0008953320124474,0.0022225552859963904,1.0,15.58330218344122
1640.5780658520575,13.244321292583033,0.9980606712347081,1.0013450707729648,0.0022230117229476262,1.0,15.604135190799752
1640.6613978856803,13.242605445752531,0.9996392067369252,1.0028871118515101,0.0022198745509068845,1.0,15.687467224422562
1640.6822308953656,13.243989863824044,0.9983653829139826,1.0015998170470326,0.0022224800969271367,1.0,15.70830023410781
1640.7030639055179,13.246886072389588,0.9957057854223418,0.9989227589116663,0.0022292398247003194,1.0,15.729133244260083
1640.7447299267524,13.253069018337994,0.9900516506244297,0.9932339826613255,0.00224462079640283,1.0,15.770799265494588
1640.7655629378355,13.245133699691348,0.9973141470774531,1.0005122175331058,0.0022316041844148175,1.0,15.79163227657773
1640.7863959498509,13.243970814065023,0.9983828998639773,1.0015771919450251,0.0022311374453018195,1.0,15.812465288593103
1640.8072289613995,13.248166123975405,0.9945325688273458,0.9977077632330192,0.0022392977905783627,1.0,15.833298300141678
1640.828061973879,13.24431670100212,0.9980648920445131,1.0012449541560338,0.00223111269720291,1.0,15.85413131262112
1640.84889498636,13.250515364341009,0.9923829949235451,0.9955389706712124,0.0022394259204530746,1.0,15.874964325102155
1640.869727999305,13.242982382758113,0.9992922204175759,1.002464575582167,0.002221903839902363,1.0,15.89579733804726
1640.8905610127158,13.249614067367576,0.9932071390699937,0.9963549636301012,0.0022310280048920225,1.0,15.916630351458025
1640.9113940261286,13.244290460940842,0.9980890135579024,1.0012474836350438,0.00221377802919755,1.0,15.937463364870837
1640.9322270400055,13.253718854655826,0.989459260853423,0.9925860040652644,0.002224540227503719,1.0,15.958296378747718
1640.9530600538824,13.242862140793038,0.9994028951040135,1.0025569619221133,0.002193626001758621,1.0,15.9791293926246
1640.9738930682252,13.246821724388424,0.9957647993664791,0.9989036814452431,0.002193281050907283,1.0,15.99996240696737
1640.9947260830336,13.242956035048854,0.9993164706730623,1.002463218039304,0.0021803913402800657,1.0,16.0207954217758
1641.0155590978416,13.24953749006086,0.9932771927438212,0.9964019590637845,0.0021861107826301445,1.0,16.04162843658378
1641.03639211265,13.239722930949608,1.0022966691951614,1.0054471460554009,0.002162790450409311,1.0,16.06246145139221
1641.0572251279245,13.244673282886637,0.997737157348746,1.0008710545944008,0.0021664879109959435,1.0,16.083294466666757
1641.078058143199,13.240002256793991,1.0020388428908533,1.00518431722356,0.0021551708752168544,1.0,16.104127481941305
1641.0988911589384,13.247461176911122,0.9951785088482995,0.9983008625633331,0.002167039089362858,1.0,16.124960497680604
1641.1197241746775,13.240565329689025,1.001519310954908,1.0046603198664392,0.002154625194765233,1.0,16.145793513419676
1641.1405571908836,13.24890131655196,0.993859361595117,0.9969754677781841,0.0021680190872064844,1.0,16.166626529625773
1641.161390207089,13.248432733885553,0.9942883845721381,0.9974052768052795,0.0021670274558970265,1.0,16.18745954583119
1641.1822232232944,13.246598533380268,0.9959695163071027,0.9990914358646948,0.002162371812874973,1.0,16.208292562036604
1641.2030562395005,13.244542335237899,0.9978574989320016,1.0009854262474038,0.002155242099621985,1.0,16.2291255782427
1641.2238892561709,13.245155532523121,0.9972940925071285,1.000420657506652,0.0021535787070763525,1.0,16.249958594913096
1641.244722272842,13.246164101649654,0.9963681097534293,0.9994925150319227,0.0021497264330270277,1.0,16.270791611584173
1641.2655552895126,13.242462166097654,0.9997711332683432,1.0029072366351757,0.0021377485035616274,1.0,16.291624628254795
1641.2863883066502,13.248158812515783,0.9945392661348244,0.9976602890484694,0.00214243143723086,1.0,16.312457645392442
1641.3072213233204,13.240012726951699,1.0020291799045025,1.0051753526313252,0.00212183988498683,1.0,16.33329066206261
1641.3280543404571,13.246247789084258,0.9962913136797725,0.9994214314286445,0.0021273421639246438,1.0,16.354123679199347
1641.3488873575943,13.246727989656375,0.995850770319107,0.9989817364293028,0.0021243418007433836,1.0,16.37495669633654
1641.369720375197,13.242818368226715,0.9994431878668134,1.002588007556873,0.0021120996466090372,1.0,16.395789713939166
1641.4113864099359,13.253989715387842,0.9892124493062416,0.9923309512744085,0.0021308656003585177,1.0,16.437455748678076
1641.4530524446745,13.245200730601209,0.9972525770470608,1.0004034802259505,0.002114789310130022,1.0,16.47912178341676
1641.473885462277,13.240620028430621,1.0014688562810747,1.0046370307657038,0.002108319473824793,1.0,16.499954801019157
1641.4947184794146,13.252110624810296,0.9909259679754496,0.9940649615685451,0.002130620658374525,1.0,16.520787818156805
1641.5155514970165,13.24563644943344,0.9968524480390131,1.0000146960047196,0.0021207826454293574,1.0,16.54162083575875
1641.5363845146194,13.246606946619552,0.9959617986889949,0.9991259408831248,0.00212726135298453,1.0,16.562453853361603
1641.5572175322209,13.251299130671306,0.9916668764904928,0.9948223407880143,0.0021362268174404436,1.0,16.583286870963093
1641.5780505498235,13.242458493517027,0.999774515071667,1.0029610214596598,0.0021214894275534317,1.0,16.60411988856572
1641.5988835674266,13.249463824391878,0.993344587485637,0.9965160784626111,0.002135680328458215,1.0,16.6249529061688
1641.619716585028,13.248059263499027,0.9946304576642018,0.9978117669280331,0.0021325648488644436,1.0,16.64578592377029
1641.6405496026305,13.246485318732326,0.9960733759893836,0.9992652755395164,0.002129843171224821,1.0,16.66661894137269
1641.6613826202338,13.244559343853682,0.9978418671037607,1.001045662743567,0.0021235022209414307,1.0,16.687451958976
1641.68221563737,13.25183984703622,0.9911731313181547,0.9943619073124832,0.002134723745762344,1.0,16.70828497611228
1641.7238816725749,13.250026755702015,0.9928296927718935,0.9960373330969566,0.002127195431730865,1.0,16.74995101131708
1641.7447146897116,13.245134941066496,0.9973130068002077,1.0005422665288135,0.0021172529174791977,1.0,16.770784028453818
1641.765547707313,13.247604237145335,0.9950473894375771,0.9982766332365207,0.002120118406101366,1.0,16.791617046055308
1641.7863807244512,13.243530667755744,0.9987877160890053,1.0020366782956525,0.0021144195670801066,1.0,16.81245006319341
1641.8072137415875,13.256816996656717,0.9866398690291331,0.9898570140945814,0.0021374351618472565,1.0,16.833283080329693
1641.8280467587235,13.244078988887443,0.9982834332417476,1.0015465326027246,0.0021119225111360554,1.0,16.85411609746575
1641.8488797758605,13.251514915996362,0.9914698066173007,0.9947187909037021,0.002122470570701769,1.0,16.874949114602714
1641.8697127925316,13.244852627645711,0.9975723621145702,1.0008497531267442,0.00210802564936936,1.0,16.89578213127379
1641.8905458096685,13.253773413174603,0.9894095415246317,0.9926686442623912,0.002120063755211905,1.0,16.916615148410756
1641.9113788263385,13.248875913916923,0.993882614888023,0.9971652102443407,0.002107146287591144,1.0,16.937448165080696
1641.93221184301,13.245032936369114,0.997406708557543,1.0007099385855172,0.002094348077670064,1.0,16.958281181752227
1641.953044859682,13.24823341404213,0.9944709331474577,0.997773566032281,0.002095021809517859,1.0,16.979114198424213
1641.9738778763526,13.248868107748924,0.9938897606776891,0.997199781480957,0.0020904007446386624,1.0,16.999947215094835
1641.9947108925576,13.249683961807547,0.9931432032612275,0.9964602388655847,0.002086579770058715,1.0,17.020780231299796
1642.015543908764,13.250674256834243,0.9922377748690365,0.9955614688124813,0.0020838134187899896,1.0,17.04161324750612
1642.0363769249684,13.250652201892901,0.9922579307486075,0.9955915350229598,0.0020812936309815406,1.0,17.062446263710626
1642.0572099411734,13.246313674973424,0.9962308574223921,0.9995878634894381,0.0020690546276362614,1.0,17.083279279915587
1642.0780429569136,13.24868083870754,0.9940612027225811,0.9974210905984517,0.0020702441233627837,1.0,17.104112295655796
1642.0988759726529,13.245307789004922,0.9971542483692579,1.000534991228181,0.002062424258095866,1.0,17.124945311395095
1642.1197089883935,13.24936773470349,0.9934325042331281,0.9968111362461398,0.002065977673933257,1.0,17.14577832713576
1642.1405420036665,13.24511371098691,0.9973325080763192,1.0007351172639745,0.002057736453234672,1.0,17.166611342408714
1642.1613750189408,13.246154719406512,0.9963767197714196,0.9997869545605811,0.0020573675262677603,1.0,17.187444357683034
1642.1822080342154,13.247912528784484,0.9947648887334346,0.998180591581075,0.002059876291017268,1.0,17.208277372957582
1642.2030410494885,13.251500864914872,0.9914826378309347,0.9948981754500805,0.0020641263554394234,1.0,17.229110388230765
1642.2238740642974,13.243790988901651,0.9985482708222342,1.0019994753790105,0.002049739133622377,1.0,17.24994340303965
1642.2447070791065,13.246645327892185,0.9959265916050746,0.9993801816968748,0.0020521951413904073,1.0,17.270776417848765
1642.2655400934486,13.24146859467912,1.0006864556721409,1.0041682071368947,0.0020393217290462697,1.0,17.291609432190853
1642.2863731077914,13.249702414328667,0.9931263245386373,0.9965934361573734,0.0020504969333648027,1.0,17.312442446533623
1642.3072061221346,13.241426961157703,1.000724828620924,1.0042303904946288,0.002032884059167568,1.0,17.33327546087685
1642.3280391364765,13.248422863128706,0.9942974239902305,0.997792421719101,0.002040856393697808,1.0,17.35410847521871
1642.348872150354,13.244650006540521,0.9977585473735462,1.0012778501724944,0.0020307264669528185,1.0,17.374941489096273
1642.3697051637655,13.248713996052338,0.9940308455081671,0.997549205818365,0.0020347274962543866,1.0,17.39577450250772
1642.390538177177,13.248004303629866,0.9946808070429587,0.9982137977456503,0.002030305145573409,1.0,17.416607515919168
1642.411371190588,13.249489081293172,0.9933214801099439,0.9968621013035347,0.0020337345954308263,1.0,17.43744052933016
1642.432204203999,13.2454075671602,0.997062615024601,1.0006291706398105,0.002023955816670736,1.0,17.458273542741154
1642.4530372169456,13.251387081827385,0.9915865487687638,0.9951461583054365,0.0020345132024688034,1.0,17.47910655568785
1642.473870229425,13.244832635834914,0.9975907307214591,1.0011847104931861,0.002022956802337341,1.0,17.499939568167292
1642.4947032419045,13.244733197632163,0.9976821002195457,1.0012893617845045,0.0020224709826730924,1.0,17.520772580646735
1642.5155362543856,13.245809778188153,0.9966933215387394,1.0003100341707492,0.002025824867642847,1.0,17.54160559312777
1642.5363692664005,13.241862165175595,1.0003237807515986,1.0039668200258662,0.0020186181406556774,1.0,17.562438605142688
1642.5572022784145,13.24817861067942,0.9945211310928802,0.9981562341524918,0.0020319552006082607,1.0,17.583271617156697
1642.5780352899624,13.24817008921768,0.9945289366786075,0.9981773657126363,0.0020335629112628152,1.0,17.60410462870459
1642.5988683015116,13.24754463746208,0.9951020124083466,0.9987659127160031,0.0020325749709702336,1.0,17.624937640253847
1642.6197013130604,13.248172345468,0.9945268699667416,0.9982021299163678,0.00203631494849244,1.0,17.64577065180265
1642.6405343241436,13.245095164644248,0.997349544469084,1.001048837556986,0.0020305611005501096,1.0,17.66660366288579
1642.661367334761,13.245026406024968,0.9974127076470277,1.001125905611389,0.0020309023470775154,1.0,17.68743667350327
1642.6822003453785,13.247053982478448,0.9955518105259783,0.9992718120893911,0.0020332540259878134,1.0,17.70826968412075
1642.7030333559956,13.247706867821462,0.9949533356891329,0.9986849066586667,0.0020333652902750506,1.0,17.729102694737776
1642.7238663656815,13.248766344266361,0.9939829199763479,0.9977247074238789,0.0020339309637497434,1.0,17.749935704423706
1642.7446993758335,13.24322007304869,0.9990734784618096,1.0028484201226944,0.0020235100780334058,1.0,17.770768714575752
1642.7655323855195,13.242378526900048,0.999848153152095,1.0036401105553887,0.002021360444884478,1.0,17.79160172426168
1642.7863653947402,13.245678978116338,0.9968134017300003,1.0006079671415338,0.0020266575826137297,1.0,17.812434733482405
1642.8071984039605,13.246861915454351,0.9957279394848595,0.999532542580837,0.0020276117124273653,1.0,17.833267742702674
1642.8280314131812,13.246241260670075,0.9962973042895237,1.0001183097201038,0.0020255704788814852,1.0,17.854100751923397
1642.84886442147,13.25115764524329,0.9917961118923511,0.9956140694087705,0.0020358804481655957,1.0,17.874933760212116
1642.8696974302238,13.241819113231632,1.0003634466824274,1.004228790372949,0.002013265905619041,1.0,17.89576676896604
1642.8905304380485,13.244713641374489,0.9977000706103821,1.0015695323240983,0.002015334064709521,1.0,17.91659977679069
1642.911363446337,13.239751439698598,1.0022703517076448,1.006172089542487,0.002003995029990368,1.0,17.93743278507918
1642.9321964536944,13.247622698894904,0.9950304698953819,0.9989184884130093,0.0020145909432064844,1.0,17.958265792436578
1642.9530294610527,13.245317187608393,0.9971456166069795,1.0010564595553573,0.002007687404004942,1.0,17.979098799794883
1642.9738624684105,13.246681961695732,0.9958929886327884,0.9998135016205335,0.002007028705330225,1.0,17.999931807152734
1642.9946954753025,13.240194829858506,1.001861130682221,1.0058198692431701,0.0019926067738540113,1.0,18.020764814044696
1643.0155284817283,13.243858281903638,0.9984863835717521,1.0024464689204504,0.0019955978921898415,1.0,18.041597820470543
1643.0363614881555,13.246834456755774,0.9957531221572039,0.9997170689246009,0.0019988529901513517,1.0,18.062430826897753
1643.0571944941166,13.244977179520392,0.9974579306524675,1.0014434400833656,0.0019930582652015294,1.0,18.083263832858847
1643.078027500077,13.249079299562759,0.9936964531622493,0.9976816574988294,0.0019992025539916874,1.0,18.10409683881926
1643.0988605055718,13.246476235516877,0.9960817091248948,1.000091269715058,0.001992190744902283,1.0,18.12492984431401
1643.1196935106018,13.25021862326657,0.9926542588278134,0.9966647886492542,0.0019977413782943485,1.0,18.14576284934401
1643.1405265156309,13.250677217820407,0.992235068872587,0.9962587061317492,0.001997605123707979,1.0,18.1665958543731
1643.1613595201945,13.25393812141933,0.989259457601995,0.9932858077814921,0.002002706994174266,1.0,18.187428858936755
1643.1821925247586,13.248562454116062,0.9941695973260595,0.9982307852876896,0.0019917900664023565,1.0,18.208261863500866
1643.2655245392884,13.247834958506285,0.9948359621169894,0.9989595347340682,0.001985009917020222,1.0,18.291593878030653
1643.2863575424549,13.252170209440266,0.99087158797343,0.9949935940327939,0.001989909502443615,1.0,18.312426881197098
1643.3071905451557,13.248616147914426,0.9941204330615304,0.9982708877941595,0.001981615369982648,1.0,18.33325988389788
1643.3280235473915,13.251149427464256,0.9918036186809297,0.9959593297006412,0.0019843477253368978,1.0,18.354092886133685
1643.3696895509315,13.251761915787727,0.9912442776348064,0.9954274390607656,0.0019803400938973254,1.0,18.395758889673743
1643.3905225522349,13.243110089099105,0.9991746886934147,1.0034063173417138,0.0019649546250213026,1.0,18.416591890977088
1643.4113555535396,13.248685114902896,0.9940572875988986,0.9982821894522516,0.00197235953937346,1.0,18.437424892281797
1643.4321885543775,13.244386775156975,0.9980004783346244,1.0022571226487946,0.0019650398925634078,1.0,18.458257893119708
1643.453021554751,13.24736409912752,0.9952674936704557,0.999527424020875,0.001969230061974694,1.0,18.47909089349332
1643.473854555124,13.242961185781295,0.9993117299270757,1.0036039554438099,0.001962309791322647,1.0,18.499923893866253
1643.4946875550315,13.24647001993748,0.9960874114701268,1.0003807139022807,0.001970043175991527,1.0,18.52075689377375
1643.5155205544725,13.247808362384099,0.9948603318513304,0.9991632645878752,0.001972152930003654,1.0,18.541589893214677
1643.5363535539136,13.249339347304808,0.9934584786209292,0.9977701907614964,0.001974823661449137,1.0,18.56242289265583
1643.5571865528896,13.239370052585224,1.002622481570818,1.0069889426671788,0.001959406760822794,1.0,18.58325589163178
1643.5780195513994,13.25199985429036,0.9910270707881953,0.9953578331594457,0.0019816279744727565,1.0,18.60408889014161
1643.598852549444,13.24678180766336,0.9958014089961594,1.0001678691726024,0.0019750279164322654,1.0,18.624921888186236
1643.619685547489,13.245367426484476,0.9970994780367937,1.001486461443948,0.001972660466783549,1.0,18.645754886231316
1643.640518545068,13.240690299849627,1.0014040409419955,1.0058248365825155,0.0019652949968677865,1.0,18.66658788381028
1643.6613515426466,13.248978284241467,0.9937889095395229,0.9981908293538588,0.0019796840054592778,1.0,18.68742088138879
1643.6821845397594,13.245387586127306,0.9970809643475206,1.0015122160545153,0.0019739549449174104,1.0,18.708253878501637
1643.7030175364075,13.24221364876127,1.0,1.0044589918259588,0.001968553409449678,1.0,18.729086875149733
1643.7238505325886,13.248201402255967,0.994500254505656,0.9989493571637086,0.0019785476892131785,1.0,18.749919871330803
1643.7446835287706,13.245755775212547,0.9967428968807878,1.0012166925531072,0.0019734192375480478,1.0,18.770752867512783
1643.7655165240217,13.245737419770364,0.9967597479457062,1.0012482163248353,0.001973405516128855,1.0,18.791585862763895
1643.786349519738,13.243937736458756,0.9984133166626208,1.0029238266028206,0.0019709846971628403,1.0,18.812418858480214
1643.8071825145225,13.25337834212885,0.9897696273225973,0.9942555275966999,0.0019866934235801964,1.0,18.833251853264755
1643.828015509307,13.240816716924076,1.001287449822582,1.0058400999161592,0.0019641757128921905,1.0,18.854084848049297
1643.8488485036264,13.248082163122934,0.9946094798031756,0.9991461954567502,0.0019759256516144745,1.0,18.87491784236863
1643.8696814974796,13.249397944996101,0.9934048626485714,0.9979504283239957,0.0019774630604701394,1.0,18.89575083622185
1643.8905144913335,13.244225057103531,0.9981491394129581,1.0027307972276531,0.001968842586883987,1.0,18.91658383007575
1643.9113474847215,13.24788436538276,0.9947906927237805,0.9993712104728653,0.0019725926735365343,1.0,18.937416823463764
1643.9321804776446,13.244027411483678,0.9983308573678666,1.0029419614634674,0.0019646143524744268,1.0,18.958249816386797
1643.9530134701006,13.24621759256879,0.9963190229375947,1.0009350358162306,0.001966239644495802,1.0,18.979082808842804
1643.9738464625566,13.248022710845289,0.9946639436938234,0.9992863990432418,0.001967459430500088,1.0,18.999915801298812
1644.0155124460725,13.24497859420056,0.9974566309969636,1.002120231211069,0.0019566759954816678,1.0,19.041581784814753
1644.0363454371325,13.24405089479729,0.9983092647720074,1.0029908610297125,0.0019547349125544834,1.0,19.062414775874686
1644.0571784277265,13.242155747595122,1.0000533303668295,1.0047570872435887,0.0019482360398728326,1.0,19.08324776646873
1644.0780114183208,13.24574282836766,0.9967547825971924,1.00145688207053,0.001953688934386052,1.0,19.104080757063002
1644.098844408449,13.246087740393417,0.9964381880982471,1.0011525874281983,0.0019526180905740675,1.0,19.124913747191158
1644.1196773985766,13.242291776159309,0.9999280445960834,1.0046727447197572,0.0019474053160731433,1.0,19.14574673731886
1644.1405103877735,13.247813880317088,0.994855275780922,0.9995895653692999,0.0019527638707371629,1.0,19.166579726515693
1644.1613433769705,13.241828717592904,1.0003545975629007,1.0051286914374322,0.0019422853427080793,1.0,19.187412715712753
1644.1821763657015,13.248542535405921,0.9941878363399199,0.9989460168857204,0.00195405894866189,1.0,19.208245704443698
1644.203009353967,13.246503543877278,0.9960566560631093,1.0008372448103697,0.0019499380594333125,1.0,19.22907869270921
1644.223842342234,13.253676905061662,0.9894974913334634,0.9942599080130425,0.0019593527928645424,1.0,19.24991168097631
1644.2446753295676,13.244796138251377,0.9976242658129862,1.0024391397301688,0.0019447302700311827,1.0,19.270744668309817
1644.2655083169016,13.248913654086522,0.9938480681478657,0.9986579502425533,0.0019495222711522027,1.0,19.291577655643778
1644.2863413037705,13.240710635774903,1.0013852847404925,1.0062448993690734,0.0019350888772825985,1.0,19.31241064251276
1644.3071742906386,13.251965056119614,0.9910588340118229,0.995881372135665,0.0019526177105286663,1.0,19.33324362938083
1644.3280072765756,13.241190135478535,1.0009431350433353,1.0058268472771434,0.0019347866056840153,1.0,19.35407661531781
1644.348840262513,13.248516213762347,0.994211938856688,0.9990757118619511,0.0019451628650703592,1.0,19.37490960125524
1644.3696732479855,13.245851140361658,0.9966553522634528,1.001543972488109,0.0019392775656643182,1.0,19.395742586727692
1644.3905062329904,13.244305658045036,0.9980750433536167,1.002983427079702,0.0019362194182648608,1.0,19.416575571732665
1644.411339217997,13.240363713434654,1.0017053057854026,1.0066443328353905,0.0019280813231596886,1.0,19.43740855673923
1644.4321722020713,13.249558863123815,0.9932576399584144,0.9981676003251797,0.0019426191976087417,1.0,19.45824154081356
1644.4530051861466,13.243877292709318,0.9984689006285227,1.003417194767379,0.0019332785329709196,1.0,19.4790745248888
1644.4738381697543,13.252871435864325,0.9902318368000472,0.9951517003726318,0.0019479528735575874,1.0,19.499907508496563
1644.4946711528985,13.243821020940734,0.9985206508296233,1.0034940867007718,0.0019328980264593826,1.0,19.52074049164071
1644.5155041355765,13.245869137084139,0.9966388322459285,1.0016151910438729,0.001935978907471996,1.0,19.54157347431874
1644.5571701004656,13.24494530816461,0.9974872110642723,1.0024921418260333,0.0019361613915534906,1.0,19.583239439207773
1644.578003082212,13.243360235622795,0.9989445118937711,1.0039688018050323,0.001933940408738484,1.0,19.604072420954253
1644.598836063492,13.246463614246172,0.9960932882634653,1.0011151569473355,0.001939844857230543,1.0,19.624905402234162
1644.619669044307,13.246348191707042,0.9961991866644393,1.0012334425987337,0.001940756839357328,1.0,19.64573838304932
1644.6405020251232,13.24117492706327,1.0009571558205765,1.0060272343933585,0.001932259240307721,1.0,19.666571363865387
1644.6613350050065,13.242499891693873,0.999736395266,1.0048120095857334,0.0019346677038191327,1.0,19.687404343748767
1644.6821679848904,13.24403479534778,0.9983240679522768,1.0034040758420821,0.0019372609804685548,1.0,19.708237323632602
1644.7030009643076,13.24397747987378,0.998376770374124,1.0034685210334193,0.0019380581499581337,1.0,19.729070303049866
1644.7238339432606,13.24296688354907,0.9993064857147107,1.004414395793313,0.0019367039444995278,1.0,19.749903282002833
1644.7446669222124,13.245917621275705,0.996594327743857,1.001699630587681,0.0019422819257241203,1.0,19.770736260954664
1644.765499900233,13.247112488041477,0.9954981660498324,1.0006090148156366,0.0019436174609017524,1.0,19.79156923897517
1644.7863328782546,13.245501796339244,0.996976085428929,1.0021055948125426,0.0019412315760064455,1.0,19.812402216996816
1644.8071658558101,13.248976847476508,0.9937902246306287,0.9989142944121435,0.0019471118511648054,1.0,19.833235194552344
1644.8279988328995,13.245681101232389,0.9968114525010309,1.0019619765972931,0.0019414029963987225,1.0,19.854068171641757
1644.8488318095228,13.242995889741872,0.9992797889081765,1.004453869110925,0.0019361019381613073,1.0,19.874901148265053
1644.8696647856814,13.247684744544227,0.9949736093547278,1.0001360552481329,0.0019465515869948454,1.0,19.895734124423598
1644.8904977618395,13.245252512211067,0.9972050165878428,1.002389595225391,0.0019398075202986642,1.0,19.916567100581688
1644.9113307370676,13.248599423481382,0.9941357463840486,0.9993148229551032,0.001944457449467468,1.0,19.93740007580982
1644.9321637122944,13.24853057240394,0.994198790691933,0.9993885284885261,0.0019435611800472765,1.0,19.958233051036586
1644.9529966870564,13.244305340418311,0.9980753353355474,1.003295576866276,0.0019342322812310505,1.0,19.979066025798602
1644.973829661352,13.245763713211126,0.9967356095537742,1.0019589971174692,0.0019353240484419624,1.0,19.999899000094274
1644.9946626351816,13.247266429948544,0.9953570286153872,1.000583229937431,0.0019360922503664979,1.0,20.02073197392383
1645.0154956090114,13.240816648849238,1.0012875126025491,1.0065548413053074,0.0019244613791626333,1.0,20.041564947753614
1645.0363285819105,13.254212365505031,0.9890096139532624,0.9942221090012447,0.0019445357173439699,1.0,20.062397920652757
1645.0571615548085,13.249553418107855,0.993262621202697,0.9985072125159531,0.0019364462251063132,1.0,20.083230893550763
1645.077994527242,13.250690576666994,0.9922228605346305,0.9974715320682371,0.0019370300788240063,1.0,20.104063865984244
1645.0988274992096,13.24980053535425,0.9930365769830676,0.9982990266018974,0.0019336213513498732,1.0,20.124896837951837
1645.1196604707116,13.244927239353824,0.997503811374339,1.0027993495148368,0.0019258081748020819,1.0,20.14572980945377
1645.140493441747,13.248164578342106,0.9945339846259003,0.9998230277252753,0.0019311128320389863,1.0,20.16656278048913
1645.1613264123175,13.25332099654359,0.9898219055990817,0.9950949937409542,0.0019384982746816024,1.0,20.18739575105974
1645.1821593828881,13.244119280563655,0.9982463876257275,1.003573432418539,0.0019237729244671558,1.0,20.20822872163035
1645.2029923525265,13.244505878621904,0.9978910053383069,1.0032251259777334,0.0019239564990607087,1.0,20.229061691268726
1645.2238253221658,13.245107018679258,0.9973386554963972,1.0026786784539032,0.00192424144661678,1.0,20.249894660908012
1645.2446582913399,13.247806550764057,0.994861991840571,1.0001974896823336,0.001929349464994004,1.0,20.270727630082092
1645.265491260047,13.251946136991208,0.9910761035222422,0.9963998693552574,0.0019340402181215817,1.0,20.291560598789147
1645.2863242282888,13.250037912461995,0.9928194907489499,0.9981611002626657,0.0019323626408080088,1.0,20.312393567030995
1645.307157196532,13.248047594847868,0.9946411472388501,1.00000092104292,0.001927615675042777,1.0,20.333226535274207
1645.327990163843,13.24585306250967,0.9966535878225148,1.0020325113044104,0.0019228772938578583,1.0,20.354059502585187
1645.3488231306874,13.244166898938051,0.9982026073523633,1.0035980664140933,0.0019195062220311691,1.0,20.374892469429597
1645.3696560975325,13.24467458998492,0.9977359561916564,1.0031369483064843,0.0019193992105425313,1.0,20.395725436274688
1645.3904890639128,13.246665363738089,0.9959082132480473,1.0013072733356123,0.001922438031841179,1.0,20.416558402655028
1645.411322029826,13.245635003865189,0.996853775266754,1.0022657922620921,0.0019190543663932574,1.0,20.437391368568115
1645.4321549952738,13.247606943627137,0.9950449090244874,1.0004547910529784,0.0019214680433096145,1.0,20.458224334015995
1645.4529879602565,13.252633126163875,0.9904492079729461,0.9958416534497525,0.0019294653982581103,1.0,20.47905729899867
1645.4738209247735,13.243018874111709,0.9992586349915682,1.004706561778489,0.0019134960139567563,1.0,20.49989026351568
1645.4946538888244,13.245686065477944,0.9968068948511255,1.0022488052057648,0.0019173644449719536,1.0,20.520723227566577
1645.5154868528755,13.244211201303916,0.9981618775372352,1.003618481777726,0.0019150135000854278,1.0,20.5415561916177
1645.5363198159955,13.250206830843773,0.9926650403254068,0.9980986947415443,0.00192539258159959,1.0,20.56238915473773
1645.5571527791155,13.245348432016014,0.9971169219980204,1.0025819676545038,0.0019175545064251866,1.0,20.58322211785776
1645.5779857417695,13.248036547961341,0.9946512673248702,1.0001096957093882,0.001923201717345706,1.0,20.60405508051167
1645.5988187034925,13.252175366042671,0.9908668819328118,0.9963113158682978,0.0019304064981401595,1.0,20.624888042234716
1645.619651665215,13.249796403725927,0.9930403558621689,0.9985033859371562,0.0019273000086322072,1.0,20.645721003957306
1645.6404846264713,13.24458858833063,0.9978149904367084,1.0033108603588514,0.0019188355858712177,1.0,20.666553965213552
1645.6613175877296,13.24400606048141,0.9983504897370273,1.0038557692509302,0.0019192592542236272,1.0,20.687386926471845
1645.6821505480555,13.24567930338036,0.9968131031054487,1.002316234994599,0.0019225119168865504,1.0,20.70821988679768
1645.7029835079156,13.249820725377194,0.9930181109461338,0.9985064855979424,0.0019291334544925926,1.0,20.72905284665785
1645.7238164677756,13.25142595819722,0.9915510442004567,0.9970374055929525,0.0019323149278533658,1.0,20.749885806517796
1645.7446494267047,13.247797115865675,0.9948706370920977,1.0003813281624125,0.0019256285114665186,1.0,20.770718765446873
1645.7654823856335,13.255071262326211,0.9882275443243966,0.9937072715458133,0.0019381832507927332,1.0,20.791551724375722
1645.7863153440953,13.242778039456823,0.9994803120437077,1.0050282073361196,0.0019172490559339315,1.0,20.812384682837546
1645.8071483016279,13.249443043197992,0.9933636004686545,0.998883178369188,0.0019292777555842593,1.0,20.833217640370094
1645.8279812591604,13.25210217017036,0.9909336843570596,0.9964452475737938,0.0019334621899007292,1.0,20.854050597902642
1645.8488142162264,13.240678077641729,1.001415313880317,1.0069906190960067,0.0019134442210385749,1.0,20.87488355496862
1645.8696471728265,13.252409017797804,0.99065366911428,0.9961743400286638,0.001932746577554185,1.0,20.895716511568708
1645.8904801294275,13.246696863218439,0.995879320284916,1.0014342931924902,0.0019227190754664274,1.0,20.916549468169706
1645.9113130809055,13.253502039521482,0.9896568697783334,0.9951821632205238,0.0019328549085058887,1.0,20.937382419647747
1645.9321460365745,13.24649544504253,0.9960640859786882,1.0016301228211202,0.0019206659660813905,1.0,20.95821537531674
1645.9529789913126,13.254772456765403,0.9884995519457003,0.9940281401768388,0.0019334037352529193,1.0,20.979048330054866
1645.9738119455856,13.246877734449992,0.9957134320003368,1.001287089249956,0.0019194768306310126,1.0,20.999881284327785
1645.9946448998571,13.249662328154905,0.9931629921648697,0.9987269673474665,0.001923161935542699,1.0,21.02071423859934
1646.0154778536635,13.243841754256856,0.9985015831716154,1.0041000030179,0.0019129141980148614,1.0,21.041547192405687
1646.0363108065394,13.247398628564476,0.995235841893933,1.0008203641806979,0.0019178371231444403,1.0,21.062380145281622
1646.0571437594144,13.247687251258778,0.9949713121927328,1.0005586081893105,0.001917566551440193,1.0,21.083213098156648
1646.0779767118233,13.246257715380938,0.9962822051708081,1.0018810361537664,0.001914486885708039,1.0,21.104046050565557
1646.098809663768,13.253148320727297,0.9899793396949109,0.995546800597101,0.0019275959617099656,1.0,21.12487900251017
1646.1196426152464,13.25011210934948,0.992751645908959,0.9983386359867602,0.0019209081836334767,1.0,21.145711953988666
1646.1404755662584,13.247413732959991,0.9952219966052162,1.0008267548613712,0.0019158169022132124,1.0,21.166544905000592
1646.1613085168055,13.248752032550744,0.9939960223253126,0.9995975948523718,0.0019181699022163062,1.0,21.187377855547766
1646.1821414673532,13.24912974595463,0.9936502842715743,0.9992535321196027,0.0019178274436837282,1.0,21.208210806095394
1646.2029744169681,13.250542020677067,0.9923586308378992,0.9979581018338443,0.001919607323787565,1.0,21.229043755710336
1646.2238073661179,13.252072597589235,0.9909606751359739,0.9965556479772424,0.0019219837734747445,1.0,21.24987670486007
1646.2446403152685,13.24827486201396,0.9944329699513438,1.0000508443323624,0.0019149887626324913,1.0,21.270709654010716
1646.265473263487,13.250665877273551,0.9922454328514309,0.9978541304162094,0.0019194721921478156,1.0,21.29154260222913
1646.2863062117056,13.25712308748087,0.9863617546554933,0.9919402640922774,0.0019284975191893785,1.0,21.31237555044777
1646.3071391589924,13.249445510358715,0.9933613432123679,0.9989824301145861,0.0019168130034391718,1.0,21.33320849773463
1646.3488050531014,13.24378392314586,0.9985547691973947,1.0042109284966632,0.0019056088896899478,1.0,21.374874391843605
1646.3696379994576,13.247388257713919,0.995245348338901,1.0008854354771248,0.0019113414482742083,1.0,21.395707338199827
1646.3904709453482,13.244319543862744,0.9980622787433663,1.0037209053500804,0.0019058488112806986,1.0,21.416540284090388
1646.4113038903074,13.249249449487758,0.9935407393447099,0.9991761974252048,0.001914256421835619,1.0,21.437373229049626
1646.4321368352666,13.242905116720326,0.999363337229881,1.0050342050650791,0.0019020162155787195,1.0,21.458206174008865
1646.4529697797595,13.249784601300385,0.9930511507021239,0.9986884562915584,0.0019137755461186335,1.0,21.47903911850176
1646.473802724253,13.244939734273714,0.9974923319206367,1.0031570363071136,0.0019044526347663918,1.0,21.49987206299511
1646.4946356678145,13.248773884488148,0.9939760169868256,0.9996228234163682,0.0019121453354308314,1.0,21.520705006556682
1646.5154686109104,13.244841121330145,0.9975829341514706,1.003252212383737,0.0019054450006344705,1.0,21.541537949652593
1646.5363015535409,13.248412868872594,0.9943065765899144,0.9999590971498514,0.0019120282782768817,1.0,21.56237089228307
1646.5571344957066,13.244441081271821,0.9979505618144252,1.0036255915631762,0.0019054534913322658,1.0,21.583203834448796
1646.5779674378714,13.2460627107514,0.9964611594042707,1.0021294164043835,0.0019078776357970336,1.0,21.60403677661361
1646.5988003791044,13.245010930732715,0.9974269241418643,1.003102283254284,0.001907218609467452,1.0,21.62486971784665
1646.6196333203388,13.25193886927758,0.9910827376211863,0.9967234882633544,0.0019196694520251865,1.0,21.645702659081053
1646.640466260641,13.246280243016898,0.9962615338052484,1.0019331559723859,0.0019094215552755895,1.0,21.666535599383224
1646.6612992009432,13.251165931016967,0.9917885430494571,0.9974360200285076,0.0019171004011164863,1.0,21.687368539685394
1646.6821321403145,13.246471812094205,0.9960857672924047,1.001758925924876,0.001909496001125735,1.0,21.708201479056697
1646.7029650796858,13.253008604286634,0.9901067419948195,0.9957469777397396,0.0019201870550997725,1.0,21.729034418428
1646.7237980181255,13.246939539935415,0.9956567526705195,1.0013296549889525,0.0019100849029387785,1.0,21.749867356867753
1646.7446309565648,13.250852676145858,0.9920747335752885,0.9977281762606673,0.0019167584950595864,1.0,21.77070029530705
1646.7654638945396,13.245169485413584,0.9972812762762986,1.0029652870686228,0.0019068524855055961,1.0,21.791533233281825
1646.7862968320474,13.255472093334253,0.9878627788022866,0.993493886738887,0.0019229049091534474,1.0,21.812366170789574
1646.8071297686245,13.246399822224015,0.9961518150691385,1.001830874829621,0.0019092869232106625,1.0,21.83319910736668
1646.827962705202,13.25485335221723,0.9884259040940304,0.9940615255070774,0.001921644699306911,1.0,21.854032043944244
1646.8487956413135,13.24502971853357,0.9974096646121547,1.003097037842607,0.001906092296804056,1.0,21.87486498005569
1646.8696285769595,13.250029111684093,0.9928275383936814,0.9984892325866831,0.0019132697748186023,1.0,21.895697915701703
1646.8904615121385,13.248734707700212,0.9940118834247531,0.9996807247192898,0.0019116798357558444,1.0,21.91653085088069
1646.9112944468534,13.251539103003514,0.9914477198340726,0.99710223657984,0.001915117091270161,1.0,21.937363785595608
1646.9321273811015,13.245406852822022,0.9970632710219992,1.0027500327977215,0.0019063475050124855,1.0,21.958196719843727
1646.9529603148844,13.25547376310439,0.9878612595543407,0.9934956715504356,0.0019212286646502529,1.0,21.97902965362664
1646.9737932482026,13.249100153893497,0.9936773668727974,0.999345041750482,0.001910627406981448,1.0,21.9998625869448
1646.9946261810546,13.250293650366372,0.9925856662943404,0.9982470956986226,0.0019120045346201252,1.0,22.020695519796845
1647.0154591134406,13.24363785110135,0.9986891211222563,1.0043852914194489,0.001900601474666723,1.0,22.041528452182774
1647.0362920458265,13.251552146464928,0.9914358091762717,0.9970904559807774,0.0019133952130558983,1.0,22.062361384568703
1647.0571249772815,13.249901321514724,0.9929444001741713,0.998607437961025,0.0019101202025343905,1.0,22.083194316023764
1647.0779579082705,13.249018652390287,0.9937519607184028,0.9994193234203218,0.001908102625117727,1.0,22.10402724701271
1647.0987908387933,13.249102384716052,0.9936753252022766,0.9993418951655622,0.0019081910067185748,1.0,22.12486017753554
1647.1196237688514,13.24791616770636,0.994761554713962,1.000433891759941,0.001905807471575912,1.0,22.145693107593615
1647.14045669891,13.250956754175633,0.9919796384366414,0.9976356339957295,0.0019115026080965653,1.0,22.166526037652147
1647.1612896280365,13.253777485716014,0.9894058303066056,0.9950466288021435,0.001915641124387252,1.0,22.187358966778675
1647.1821225566964,13.243115024530288,0.9991701467552458,1.00486598860167,0.0018987352785811745,1.0,22.20819189543863
1647.2029554853575,13.249770521540917,0.9930640286110859,0.998724403540862,0.0019080259078048285,1.0,22.229024824099724
1647.2237884130864,13.249695871657835,0.9931323091582772,0.9987923435910595,0.0019083429889662135,1.0,22.249857751828586
1647.24462134035,13.249923650942527,0.9929239793277408,0.9985820520221799,0.0019090716151978961,1.0,22.27069067909224
1647.2654542676146,13.248843258137263,0.9939125084290428,0.9995753677987936,0.0019058479135931547,1.0,22.291523606356805
1647.2862871939474,13.24942593616943,0.9933792521833963,0.9990381862325874,0.0019071874184713466,1.0,22.31235653268959
1647.30712012028,13.244818968888014,0.9976032881965585,1.0032853341194754,0.001898909530261482,1.0,22.33318945902215
1647.3279530456805,13.252572626345934,0.9905043997092337,0.9961450309819434,0.001911902901359452,1.0,22.354022384422706
1647.3487859706165,13.254555196755394,0.9886973743175966,0.9943266720422212,0.0019147362868915491,1.0,22.374855309358736
1647.3696188955514,13.25269222650325,0.9903952958984094,0.9960331713572117,0.0019118289121513605,1.0,22.39568823429363
1647.3904518195554,13.251517082314429,0.9914678283864915,0.9971106624396401,0.001908656606173209,1.0,22.416521158297655
1647.4112847435595,13.2528120078955,0.9902860388032712,0.995920971495014,0.0019102295922151522,1.0,22.43735408230168
1647.432117666633,13.251311025413845,0.9916560123804858,0.9972975373967042,0.0019087668294389833,1.0,22.458187005375294
1647.452950589706,13.247766481071324,0.9948987084479358,1.0005574028793693,0.0019030597140932426,1.0,22.479019928448224
1647.4737835118472,13.247690334257845,0.9949684869288634,1.0006262699000819,0.001901784888772625,1.0,22.499852850589377
1647.494616433989,13.250144800833931,0.9927217546367922,0.9983654377188036,0.0019060224672419876,1.0,22.520685772731213
1647.515449355199,13.246251218081234,0.9962881671746697,1.0019507328758523,0.0018991415802320413,1.0,22.54151869394127
1647.536282276409,13.247418214678968,0.9952178885206896,1.0008729649689192,0.0019014433015205813,1.0,22.56235161515133
1647.557115197154,13.248459845298903,0.9942635569697166,0.999911768408681,0.0019030140608772429,1.0,22.58318453589618
1647.5779481169675,13.254014288419953,0.9891900611109308,0.9948079788741001,0.0019138758383134796,1.0,22.60401745570971
1647.5987810367806,13.248734275377574,0.9940122792243266,0.9996560820540181,0.001904714836999558,1.0,22.624850375522783
1647.6196139556625,13.242243270750446,0.9999727175118927,1.0056488328700195,0.0018935085776530531,1.0,22.645683294404762
1647.6404468745445,13.251407603297576,0.991567806995755,0.9971946596653833,0.0019091820335231874,1.0,22.66651621328674
1647.6612797924945,13.248324736362985,0.9943872907544153,1.0000285583713528,0.0019038726239389665,1.0,22.687349131236715
1647.6821127104445,13.250549631137169,0.9923516749316087,0.9979797865698876,0.0019081610065420265,1.0,22.70818204918669
1647.7029456274645,13.250306613282756,0.9925738155997311,0.9982015902627364,0.0019075304565324034,1.0,22.729014966206705
1647.7237785444845,13.250605052238075,0.9923010219107038,0.9979256011256158,0.0019076898021017663,1.0,22.74984788322672
1647.7446114605718,13.251720399403776,0.9912821815608704,0.9968993648670705,0.0019093528097213293,1.0,22.77068079931405
1647.7654443766596,13.249267351352195,0.9935243577550376,0.9991525583454565,0.0019046853882798006,1.0,22.791513715401834
1647.7862772918165,13.24875312190282,0.993995025019446,0.9996242216218102,0.0019056262107503424,1.0,22.81234663055875
1647.807110206973,13.25259465213474,0.9904843060443693,0.9960919377114242,0.001909718205377276,1.0,22.83317954571521
1647.8279431211977,13.244748730915697,0.9976678268002613,1.003314444063057,0.0018972430351475022,1.0,22.854012459939895
1647.8487760354228,13.252362815810303,0.9906958258942563,0.9963012883450735,0.0019099838794021013,1.0,22.874845374165034
1647.8696089487175,13.243805668206996,0.9985347704012152,1.0041828897549703,0.0018957233203624883,1.0,22.89567828745976
1647.8904418620114,13.248750089001827,0.9939978016540412,0.9996185466303252,0.0019039866031702623,1.0,22.916511200753575
1647.9112747743734,13.240403627371663,1.001668481677114,1.0073308810748585,0.0018898073464633227,1.0,22.937344113115614
1647.9321076867368,13.252124598517447,0.9909132145827588,0.9965131236262534,0.0019085872967872794,1.0,22.958177025479017
1647.9529405981684,13.250041645058355,0.9928160775920228,0.9984250570115477,0.0019058165361280873,1.0,22.979009936910643
1647.973773509599,13.247565759362361,0.9950826538929547,1.0007027551964325,0.0019011746065772247,1.0,22.99984284834113
1647.994606420099,13.249593644337622,0.993225821775646,0.9988337707528284,0.0019064217954142485,1.0,23.020675758841207
1648.0154393301336,13.248780516931518,0.9939699450980214,0.9995804178933604,0.0019017573586990462,1.0,23.04150866887585
1648.0362722401674,13.255975748010998,0.9874046322252523,0.9929764251274632,0.0019152155828328164,1.0,23.06234157890958
1648.0571051492705,13.248373469102246,0.9943426591681862,0.9999519691194759,0.0019013092678891261,1.0,23.083174488012673
1648.0779380579083,13.249282152488643,0.9935108137751241,0.999113829102136,0.0019030947834358847,1.0,23.10400739665056
1648.0987709665465,13.251336524214642,0.9916327233512685,0.9972235554847408,0.001904966960481087,1.0,23.12484030528867
1648.1196038742514,13.248773679950956,0.9939762042377287,0.9995786649181287,0.0019029892341801784,1.0,23.145673212993643
1648.1404367814916,13.247385340986753,0.995248021974569,1.00085610260401,0.0019008724481413414,1.0,23.166506120233862
1648.1612696887325,13.25039686453957,0.9924913118471056,0.9980823631691212,0.0019038006097492955,1.0,23.187339027474763
1648.1821025950417,13.249055382807025,0.9937183426939814,0.9993148125707052,0.0019012772811600727,1.0,23.208171933783888
1648.2029355008845,13.246331801885862,0.996214224985623,1.0018232950868347,0.0018965539631242236,1.0,23.22900483962667
1648.2237684062625,13.253339236699276,0.9898052769245261,0.9953768563651818,0.0019071451701161038,1.0,23.249837745004697
1648.2446013111755,13.243664077275486,0.998664997879104,1.0042850525625047,0.0018925911336784777,1.0,23.270670649917747
1648.2654342156204,13.253099255984125,0.9900240781676339,0.9955941739716229,0.0019069882060859435,1.0,23.291503554362635
1648.2862671196008,13.251006859062633,0.991933861312664,0.9975134127393583,0.0019055538787523696,1.0,23.312336458342998
1648.3071000235825,13.24893303402316,0.9938303285343143,0.9994192894355085,0.0019015046721044624,1.0,23.333169362324725
1648.3279329266315,13.251486302978794,0.9914959357236943,0.9970705735153478,0.0019055480994117043,1.0,23.354002265373765
1648.3487658292156,13.255697759732701,0.9876574763828363,0.9932093940594021,0.001911477485237368,1.0,23.374835167957826
1648.3695987313336,13.251571915752216,0.9914177570925201,0.9969896956788697,0.0019037870925914101,1.0,23.39566807007577
1648.3904316325206,13.246469823566748,0.9960875916266237,1.001684751044508,0.0018948966822382425,1.0,23.41650097126285
1648.411264533707,13.249121595707283,0.9936577432896592,0.9992402570453937,0.0019001476021400236,1.0,23.437333872449244
1648.4320974344275,13.251797547753387,0.991211747262931,0.9967795817842152,0.00190451528299992,1.0,23.45816677316975
1648.4529303346835,13.251076567601643,0.9918701772978168,0.9974408584008333,0.0019044787737775455,1.0,23.478999673425733
1648.4737632344736,13.250236936888143,0.9926375154042685,0.9982117133628605,0.0019013242234353124,1.0,23.499832573215826
1648.4945961337976,13.247214211880854,0.9954049010823471,1.000993893175583,0.0018957486096121254,1.0,23.520665472539804
1648.5154290321905,13.25115690767156,0.9917967856481131,0.9973648575900964,0.001902485398235381,1.0,23.541498370932686
1648.5362619305834,13.243747397621556,0.9985883623941889,1.0041939912912907,0.0018902831310821347,1.0,23.56233126932557
1648.55709482851,13.248582252837377,0.9941514685142467,0.9997316813246868,0.0018982681653728255,1.0,23.583164167252107
1648.5779277255056,13.250015782523313,0.9928397270257439,0.9984121318876238,0.0019013180123337954,1.0,23.60399706424778
1648.5987606225015,13.246604171232029,0.9959643445960673,1.0015539452294246,0.0018947642698979724,1.0,23.624829961243677
1648.619593518566,13.248551586991326,0.9941795480111737,0.9997588547685933,0.0018972647443321951,1.0,23.645662857308253
1648.6404264146304,13.249270617425918,0.9935213690742674,0.9990968099812056,0.0018990672680465372,1.0,23.6664957533726
1648.6612593097634,13.244737899331621,0.9976777798411572,1.0032764442056727,0.0018906791910123164,1.0,23.687328648505627
1648.682092204897,13.248424566956578,0.9942958636569492,0.9998755497360835,0.0018969453367089456,1.0,23.708161543639108
1648.7029250990986,13.247867139176627,0.9948064761207056,1.0003891512742988,0.001895911344128396,1.0,23.72899443784081
1648.7237579928346,13.248664445061898,0.9940762122709992,0.9996549840500936,0.001897319867854407,1.0,23.749827331576853
1648.7445908861055,13.25396088992459,0.9892387124864707,0.9947906379997369,0.0019046942946010102,1.0,23.77066022484769
1648.7654237789106,13.252530292005577,0.9905430215841515,0.9961026628485187,0.0019026702583996614,1.0,23.791493117652863
1648.7862566717145,13.249338043153962,0.9934596719315041,0.9990362037593171,0.0018984836662299658,1.0,23.812326010456673
1648.8070895635885,13.253777700015975,0.9894056350201187,0.99496002182896,0.0019045795392117705,1.0,23.83315890233075
1648.8279224549965,13.251713772738317,0.9912882317555779,0.9968539228831973,0.001901147996967101,1.0,23.853991793738714
1648.8487553459386,13.250431702039153,0.9924594667628169,0.9980325938437804,0.0018983604990359486,1.0,23.87482468468079
1648.8695882359489,13.24759157517503,0.9950589938530069,1.0006476931475905,0.0018934555734831861,1.0,23.895657574691086
1648.8904211259605,13.24791851869376,0.99475940071989,1.0003475116389555,0.001894237527218172,1.0,23.916490464702747
1648.911254015505,13.253679057470986,0.9894955297137737,0.9950552932563803,0.0019039247408425863,1.0,23.937323354247155
1648.9320869045841,13.246345906934,0.9962012830221287,1.0018000570596441,0.0018919232375516502,1.0,23.958156243326357
1648.9529197927325,13.252934508981873,0.9901743134397117,0.9957407110035981,0.0019025340690132194,1.0,23.97898913147469
1648.9737526808815,13.248707724786534,0.99403658709588,0.9996263072265896,0.0018960448717904926,1.0,23.999822019623707
1648.9945855680985,13.251666593845481,0.9913313075019475,0.9969075480378063,0.0019012382152777808,1.0,24.02065490684072
1649.0154184553144,13.241500040978682,1.0006574730977202,1.0062880997019563,0.0018852457231882717,1.0,24.041487794056593
1649.0362513416005,13.24978391396445,0.9930517793630775,0.9986416332529228,0.0018967339161423693,1.0,24.062320680342737
1649.057084227886,13.243142708118551,0.9991446707121795,1.004771038349845,0.0018866782566974174,1.0,24.083153566628198
1649.07791711324,13.247361070028433,0.9952702703744528,1.0008771602721318,0.0018936826722142812,1.0,24.10398645198211
1649.0987499981288,13.248536717787719,0.9941931634356945,0.9997964724352897,0.0018950883509205776,1.0,24.12481933687104
1649.1195828825516,13.256779121869318,0.9866742875434164,0.9922378405145874,0.0019088557998075085,1.0,24.145652221293858
1649.1404157665083,13.245749167818635,0.9967489627123964,1.002372136311467,0.0018907755865409301,1.0,24.16648510525056
1649.1612486500005,13.256806527795478,0.986649382431774,0.9922185156557871,0.001908668946565236,1.0,24.187317988742734
1649.182081533027,13.249541115895823,0.9932738756828772,0.9988835479327774,0.0018965897210114831,1.0,24.20815087176925
1649.202914415587,13.249537762757429,0.9932769432695493,0.9988899446653224,0.0018963226679910483,1.0,24.228983754329192
1649.2237472972145,13.25168024476088,0.991318843613684,0.9969242569179196,0.001899823932376952,1.0,24.249816635956677
1649.2445801788444,13.250201941063331,0.9926695109555731,0.9982862192654891,0.0018979999380064325,1.0,24.270649517586662
1649.2654130600085,13.239554240062498,1.002452408175834,1.0081283260673226,0.001880543959393168,1.0,24.29148239875076
1649.2862459402395,13.253271363204233,0.9898671553469195,0.995475835460266,0.0019027896887394747,1.0,24.312315278981714
1649.3070788200066,13.24533759781626,0.9971268719451291,1.0027809014415212,0.001890529554119279,1.0,24.333148158748827
1649.3279116997724,13.254480438569034,0.9887654532551303,0.9943764443789553,0.001904499610748401,1.0,24.353981038514576
1649.348744578607,13.243524199576605,0.9987936662977975,1.0044661898933473,0.001887847714638957,1.0,24.37481391734923
1649.3695774569765,13.249839530519644,0.9930009118463587,0.9986453139506584,0.0018971043677965594,1.0,24.395646795718676
1649.3904103348805,13.251358140005937,0.9916129812513697,0.9972544818994039,0.0019003966584173596,1.0,24.41647967362269
1649.4112432123184,13.252056005218858,0.9909758192493562,0.9966188700152646,0.0019012262441385846,1.0,24.437312551060586
1649.43207608929,13.249283179032522,0.9935098744291214,0.9991727606922403,0.0018964778167609784,1.0,24.45814542803214
1649.4737418413724,13.24195765937023,1.0002358027394058,1.0059485547723994,0.001884640545474874,1.0,24.499811180114648
1649.4945747169475,13.248245427390332,0.9944599296832173,1.000145748699016,0.0018952946840941566,1.0,24.520644055689672
1649.5362404657694,13.248658921784934,0.9940812692748868,0.999777692586638,0.0018961140711099592,1.0,24.562309804511642
1649.557073339949,13.241587550459602,1.0005768241455673,1.006317251973305,0.001884797263360678,1.0,24.583142678691274
1649.577906213196,13.246919829371638,0.9956748280869749,1.0013941148422056,0.0018934616030730944,1.0,24.60397555193822
1649.5987390859768,13.246170167380306,0.9963625433150292,1.0020929853409541,0.0018920375746868925,1.0,24.62480842471905
1649.6195719582934,13.2435304268484,0.9987879377039068,1.0045397925187054,0.0018876462997334457,1.0,24.64564129703558
1649.640404830142,13.249050144693168,0.9937231368809615,0.9994535234393416,0.0018970431716107228,1.0,24.66647416888418
1649.661237701061,13.243454102190539,0.9988581525745347,1.004626126764739,0.0018881190651450057,1.0,24.687307039803272
1649.6820705719806,13.246300221678869,0.9962432017378398,1.0020042863971081,0.0018916864308513668,1.0,24.70813991072282
1649.7029034419675,13.246683783723402,0.9958913173768696,1.001658834032912,0.0018932118558748494,1.0,24.728972780709682
1649.7237363119543,13.252735163223736,0.9903561303211903,0.9961002498122454,0.0019027493518158434,1.0,24.749805650696544
1649.7445691810105,13.243699632232282,0.9986322948069252,1.0044334075250223,0.0018878777444201707,1.0,24.770638519752765
1649.7654020496016,13.251591894850726,0.9913995137561509,0.9971678358022162,0.0019005048402198925,1.0,24.79147138834378
1649.786234917726,13.242249304381762,0.9999671604991373,1.005794889591285,0.0018852636817543469,1.0,24.812304256468224
1649.8070677853843,13.245360392605049,0.9971059377092205,1.0029268001182199,0.0018907589024877566,1.0,24.83313712412655
1649.8279006525786,13.243415422804144,0.9988937375614472,1.0047351526770079,0.0018874591395167625,1.0,24.85396999132081
1649.848733518841,13.24468179205143,0.9977293378834029,1.0035743150966199,0.0018905088477270398,1.0,24.87480285758329
1649.869566385103,13.240835989491856,1.001269676436294,1.0071460891498234,0.0018836726832426706,1.0,24.895635723845317
1649.8903992504333,13.248423718113493,0.9942966410110569,1.0001430575152674,0.001894992591689777,1.0,24.916468589175565
1649.9112321152984,13.242473824615693,0.999760397891589,1.0056502235156348,0.0018862805305366445,1.0,24.937301454040607
1649.9320649796975,13.249676786480968,0.9931497666882722,0.999012166373884,0.0018971848221813622,1.0,24.95813431843976
1649.9528978436315,13.250294936706002,0.9925844903166777,0.9984553539341677,0.0018994804072647083,1.0,24.978967182373708
1649.9737307070995,13.252820307546155,0.9902784688275059,0.9961477576601065,0.001902755322508368,1.0,24.999800045841766
1649.9945635696372,13.250915582620816,0.9920172554178671,0.9979092688734181,0.0019001599531250691,1.0,25.02063290837941
1650.0153964321735,13.25182620426991,0.9911855859349403,0.997085360093988,0.0019001423887879518,1.0,25.041465770915693
1650.036229293779,13.24717519361362,0.9954406737425547,1.0013788681349027,0.0018933399715000843,1.0,25.062298632521106
1650.0570621549195,13.247799049551823,0.9948688652382638,1.000817064375463,0.0018937056368064078,1.0,25.083131493661767
1650.0778950155925,13.2440025459166,0.9983537214365543,1.004336535428252,0.0018873225758538473,1.0,25.10396435433472
1650.0987278758012,13.245570241310777,0.9969132378894746,1.0029015063396782,0.001890878197849539,1.0,25.124797214543378
1650.1195607355444,13.24895092321831,0.9938139537665315,0.9997979935415061,0.0018956827736044486,1.0,25.1456300742866
1650.1403935948215,13.241963002024438,1.0002308808248106,1.0062683871755331,0.0018851912188594434,1.0,25.166462933563707
1650.1612264531675,13.243389254343057,0.9989178132317588,1.0049625383525687,0.0018876968125909575,1.0,25.18729579190972
1650.1820593110474,13.246899858113043,0.9956931429062339,1.0017337999821272,0.0018923996378561567,1.0,25.208128649789614
1650.2028921684619,13.24331704896855,0.9989842470790443,1.005060747885516,0.0018865736618181085,1.0,25.228961507204076
1650.223725025411,13.245675959060495,0.9968161735262213,1.0028956607651656,0.0018906823523543715,1.0,25.24979436415333
1650.2445578818933,13.247909240298405,0.9947679016894622,1.0008514019997043,0.0018943439785355917,1.0,25.27062722063556
1650.265390737446,13.24684386478848,0.9957444938759408,1.0018508603205145,0.001892956712906382,1.0,25.291460076188287
1650.2862235925327,13.25200082738774,0.9910261825748264,0.9971207872439516,0.0019008038056254593,1.0,25.312292931274897
1650.307056447618,13.246997664867015,0.9956034515727793,1.001743845244473,0.0018930612531919617,1.0,25.333125786360142
1650.3278893017725,13.247906550157065,0.9947703664406243,1.0009236453538497,0.00189425513980876,1.0,25.353958640514747
1650.3487221549965,13.253171420187533,0.9899582777232915,0.9961000748523205,0.001903187737515816,1.0,25.374791493738712
1650.3695550082195,13.249054877354197,0.9937188053089895,0.9999026845477627,0.0018953992110206648,1.0,25.395624346961768
1650.3903878605115,13.253132704920377,0.9899935783629499,0.9961733533006183,0.0019027626152249687,1.0,25.416457199253728
1650.4112207123385,13.25301515128617,0.9901007716598431,0.9963006920662877,0.0019019967304679602,1.0,25.43729005108071
1650.4320535636998,13.244732478908196,0.9976827606546239,1.0039501952595085,0.0018895846929667922,1.0,25.458122902442028
1650.4737192650246,13.245673994777011,0.9968179769397105,1.003121207929398,0.0018919057124427696,1.0,25.499788603766774
1650.494552114523,13.24709805548283,0.9955113991732152,1.0018275691263427,0.0018924734929955847,1.0,25.52062145326522
1650.5153849635556,13.249223783796552,0.9935642259071938,0.9998896519035193,0.0018971814361130926,1.0,25.54145430229778
1650.5362178121213,13.25058764070112,0.9923169351909041,0.9986564162602618,0.0018984884080676737,1.0,25.56228715086354
1650.5570506602235,13.244374138148991,0.9980120942440442,1.004410496471259,0.0018892214565476289,1.0,25.583119998965685
1650.5778835073938,13.252705531002032,0.9903831597715858,0.9967554774320089,0.0019023626497844865,1.0,25.603952846136053
1650.5987163540976,13.247067142628252,0.9955397435694687,1.001968602238141,0.001892929844982781,1.0,25.62478569283985
1650.6195492003362,13.25143834406541,0.9915397328428444,0.9979664833175688,0.0018996612390983145,1.0,25.64561853907844
1650.6403820461096,13.25195547947348,0.991067575602615,0.9975154044855209,0.0019005933126142887,1.0,25.666451384851825
1650.6612148909517,13.246440690365183,0.996114319675104,1.0026197076274714,0.0018919399097151186,1.0,25.687284229693887
1650.6820477357924,13.248334503317565,0.9943783455872783,1.000897541299538,0.0018951367527198575,1.0,25.708117074534584
1650.7028805797027,13.248339237773964,0.9943740095150017,1.0009187846013723,0.0018946138486296265,1.0,25.72894991844487
1650.7237134226825,13.248913662317038,0.993848060613915,1.0004154310042608,0.001895805234793687,1.0,25.74978276142474
1650.7445462656615,13.250968926407705,0.991968517375529,0.9985499560795257,0.0018986021213880373,1.0,25.7706156044037
1650.7653791077087,13.250012389646596,0.9928428296100017,0.9994570507753014,0.0018982675669542645,1.0,25.791448446450886
1650.786211949291,13.249792056874318,0.993044331604797,0.999687359857148,0.0018969859133925859,1.0,25.81228128803332
1650.807044790407,13.250120694037886,0.9927437964609878,0.9994127669140082,0.0018984907494568322,1.0,25.83311412914918
1650.8278776305915,13.249966425947466,0.9928848616384713,0.9995832252627346,0.0018988677573589493,1.0,25.85394696933372
1650.8487104703108,13.249939531491272,0.9929094564056268,0.9996369137078298,0.001896828524148275,1.0,25.874779809053052
1650.8695433095654,13.242226982514069,0.9999877192352374,1.0067927807372687,0.0018850895743805916,1.0,25.895612648307633
1650.890376147887,13.247897968831262,0.9947782288314247,1.0015778313650978,0.0018938555624543852,1.0,25.9164454866293
1650.9112089857435,13.246058693621395,0.9964648462311538,1.003306541643345,0.0018912149028755896,1.0,25.93727832448576
1650.9320418231355,13.251325074259881,0.9916431809648583,0.9984827248665099,0.001899464553511756,1.0,25.958111161877696
1650.9528746600604,13.248489169120234,0.9942367040260139,1.0011256496230756,0.0018983442898298827,1.0,25.978943998802606
1650.9737074960544,13.249344337643947,0.9934539124258326,1.000369487910449,0.0018962692133063677,1.0,25.99977683479665
1650.9945403315828,13.245000056639476,0.9974369138314767,1.0044129160928632,0.0018893320421566966,1.0,26.02060967032503
1651.0153731661803,13.247013890760087,0.9955885727888113,1.0025848202694119,0.0018921846322062972,1.0,26.041442504922543
1651.0362060007774,13.245118132233701,0.9973284468281504,1.0043706884436987,0.0018898660665860776,1.0,26.0622753395196
1651.0570388339765,13.253805676373522,0.9893801411579183,0.9964003054738169,0.0019030309374583351,1.0,26.083108172718767
1651.0778716671775,13.249664942190183,0.9931606010131684,1.0002423465300239,0.0018976737405865553,1.0,26.10394100591975
1651.0987044994465,13.24392749563629,0.998422733887263,1.0055774690149155,0.0018871213392270267,1.0,26.12477383818873
1651.1195373312485,13.2497159721154,0.9931139232658605,1.000266478786818,0.0018970353876298749,1.0,26.145606669990684
1651.1403701621211,13.251625563568984,0.9913687708987016,0.998545111426752,0.0019012007892138807,1.0,26.166439500863362
1651.1612029925275,13.24766125174277,0.9949951384980384,1.002234802064345,0.0018961372955020783,1.0,26.187272331269696
1651.1820358224675,13.251490961778867,0.9914916813095854,0.9987433602288469,0.001900803769792263,1.0,26.208105161209687
1651.2028686514764,13.243326197685505,0.998975829393816,1.0063206247641054,0.0018865720219200042,1.0,26.228937990218583
1651.2237014800205,13.249714233199747,0.9931155138388937,1.000455978840407,0.00189816784289188,1.0,26.249770818762727
1651.244534307632,13.25147503603239,0.9915062247694874,0.9988740765288195,0.0018996748095565217,1.0,26.270603646374184
1651.2653671347784,13.251962926691402,0.9910607777535012,0.9984651785111636,0.0019007793809257744,1.0,26.291436473520662
1651.2861999614595,13.247380710682112,0.9952522663861858,1.0027286118126089,0.0018933935076443694,1.0,26.312269300201706
1651.3070327872097,13.246552537192777,0.9960117105074878,1.003535030894015,0.0018909671778447419,1.0,26.333102125951882
1651.327865612493,13.25162941661803,0.9913652527460376,0.9988951946298928,0.0018996077287704663,1.0,26.35393495123526
1651.3486984368456,13.253045703555074,0.99007291093338,0.9976352883591457,0.0019021006816218428,1.0,26.37476777558777
1651.3695312607324,13.252153029758421,0.990887266729682,0.9984987989665144,0.0019004291956834156,1.0,26.39560059947462
1651.3903640836875,13.244707630005498,0.9977055945671623,1.0054133623050459,0.0018881205959734382,1.0,26.41643342242969
1651.4111969061773,13.257513568571405,0.9860070770088194,0.9936684369858075,0.0019091378110537103,1.0,26.437266244919556
1651.4320297277354,13.253267583477083,0.9898706013352346,0.9976067781813143,0.001903210934782999,1.0,26.458099066477644
1651.4528625488297,13.250737671078577,0.9921798232497389,0.9999795799443928,0.0018982950632308957,1.0,26.47893188757189
1651.473695368991,13.252142516865764,0.9908968612719466,0.9987326813067606,0.0019002706365683771,1.0,26.49976470773322
1651.494528188686,13.254066347915472,0.9891426320017699,0.997011287922238,0.001903639359737944,1.0,26.520597527428208
1651.5153610074508,13.247206667021576,0.9954118182469088,1.0033780248063795,0.001893085268669353,1.0,26.54143034619301
1651.53619382575,13.2496188192431,0.9932027921703089,1.0011995783878602,0.0018963771466361274,1.0,26.56226316449215
1651.5570266431175,13.250369983914428,0.9925158842221041,1.0005560194500034,0.0018972122442848704,1.0,26.583095981859742
1651.5778594600206,13.251169871762908,0.9917849432988302,0.9998687155075302,0.0018998421166565981,1.0,26.60392879876281
1651.598692275525,13.248899566380533,0.9938609636653535,1.002011971080569,0.0018956628173590678,1.0,26.6247616142673
1651.61952509103,13.252824874049276,0.9902743038192945,0.9984467308814317,0.0019028042487824644,1.0,26.645594429772245
1651.6403579056037,13.245368828866772,0.9970981901422339,1.0053788407791082,0.0018891121644522807,1.0,26.66642724434587
1651.6611907192455,13.2558836814643,0.9874883641563452,0.9957413202393488,0.0019065726077809203,1.0,26.687260057987714
1651.6820235319565,13.254561710218123,0.9886914430203324,0.9970073246065297,0.0019053025394359952,1.0,26.708092870698692
1651.7028563442013,13.253763092038028,0.9894189470132759,0.9977945638709396,0.0019031218259473299,1.0,26.728925682943554
1651.7236891555153,13.255248671763994,0.9880660810063977,0.9964845205812494,0.0019052604106128755,1.0,26.74975849425755
1651.744521965899,13.25571011081939,0.9876462410812308,0.9961160799876433,0.0019064158703211436,1.0,26.77059130464113
1651.765354775816,13.248432735731207,0.9942883828819356,1.0028712704101506,0.001893991875301191,1.0,26.79142411455814
1651.807020392856,13.251501630379643,0.9914819388169764,1.0001546793089362,0.0019004465643213972,1.0,26.833089731598193
1651.8278532004445,13.253662488676873,0.9895106299496622,0.9982241842795103,0.0019024390635685603,1.0,26.85392253918667
1651.8486860066355,13.251425435626249,0.9915515214396949,1.000341994783691,0.001899356001598327,1.0,26.874755345377707
1651.8695188123615,13.25055684596376,0.9923450806765464,1.0012023204627103,0.0018984191354678008,1.0,26.895588151103766
1651.8903516171572,13.246870247826195,0.9957202979015959,1.0046684017652945,0.0018924479387926307,1.0,26.91642095589941
1651.9320172244175,13.25179306055009,0.9912158438176844,1.000246718446434,0.0019003253893886103,1.0,26.958086563159668
1651.9736828279536,13.251843189478265,0.9911700799934996,1.0003269116912896,0.0019004143988259265,1.0,26.99975216669577
1651.9945156280905,13.255054195990606,0.9882430780750486,0.9974370851432365,0.0019051606634767993,1.0,27.020584966832757
1652.015348427764,13.254040536458866,0.9891661473966619,0.9984338187541687,0.0019043715252597944,1.0,27.04141776650613
1652.0361812265055,13.255281553758817,0.9880361574470274,0.9973590738435195,0.001905518803658757,1.0,27.062250565247723
1652.057014023849,13.25297378967862,0.9901384907111468,0.9995480108435001,0.001901535552904631,1.0,27.083083362591196
1652.0778468207275,13.256142620567628,0.9872528844313686,0.996702387487679,0.0019071533538084751,1.0,27.10391615946969
1652.0986796166753,13.255072946447058,0.9882260114536044,0.99775312799761,0.0019041246925148695,1.0,27.124748955417544
1652.119512411225,13.249893344887976,0.992951695110015,1.002593846373385,0.0018974307879921722,1.0,27.145581749967278
1652.1403452053096,13.252648224856168,0.9904354344764216,1.0001233000407896,0.0019007035244247544,1.0,27.166414544051804
1652.1611779979976,13.251986255316176,0.9910394835970283,1.0008042797118921,0.0019003010575681623,1.0,27.1872473367398
1652.1820107897533,13.254269722037815,0.9889573686069456,0.9987734079373874,0.001903793664751576,1.0,27.208080128495567
1652.2028435805785,13.255157184503112,0.9881493418090913,0.9980299122458093,0.0019052254556197492,1.0,27.228912919320692
1652.2236763700066,13.256950126727935,0.9865188973024807,0.9964564768121963,0.0019073062816364404,1.0,27.249745708748833
1652.2445091585025,13.252962236657552,0.9901490265592209,1.0001976207233605,0.0019017885720210947,1.0,27.270578497244742
1652.2861747327015,13.251589751677061,0.9914014707171669,1.0016145298100383,0.0018991126180001759,1.0,27.31224407144373
1652.327840302245,13.253111200149043,0.9900131869900459,1.000367068246154,0.0019009577854253528,1.0,27.35390964098724
1652.3695058671306,13.256893224391247,0.9865706011152651,0.9970467145536155,0.0019087808504470777,1.0,27.395575205872774
1652.4528369820005,13.257491643995362,0.9860269879276164,0.9968247388459377,0.0019084720890859936,1.0,27.47890632074268
1652.6819974347404,13.257320706593426,0.9861822394146813,0.9979618497582627,0.001908076638009742,1.0,27.708066773482642
