time_o,mag,oflux,nflux,enflux,lc_part,time
1491.7239249390045,13.830118741560481,1.044818733878705,1.0021760059442841,0.0024680089323467448,0.0,0.06250071575641414
1491.7447585095265,13.82301121321907,1.0516808412994114,1.0087521487904905,0.0024334905500256465,0.0,0.08333428627838657
1491.7655920795826,13.82823177783537,1.0466361636160646,1.0039077922711224,0.002429074139489467,0.0,0.10416785633447034
1491.786425649173,13.827998565792228,1.0468610012640678,1.0041181230901683,0.0024148045801479236,0.0,0.12500142592489283
1491.8072592178326,13.826097045583378,1.0486960432535306,1.0058731757145662,0.0023978662753419487,0.0,0.14583499458444749
1491.8280927855599,13.83304701317046,1.0420046148338862,0.9994502247855521,0.0023981192114780475,0.0,0.16666856231177007
1491.8489263528224,13.831516170334059,1.0434748341800324,1.000855902759119,0.0023831644830661974,0.0,0.18750212957434087
1491.869759919619,13.830019929995478,1.044913825920227,1.002231886905375,0.0023709220651632434,0.0,0.20833569637079563
1491.890593485019,13.830715499292289,1.04424462357735,1.0015860586510879,0.0023648730581449754,0.0,0.22916926177094865
1491.911427049953,13.834597867815186,1.0405172884450447,0.9980073121726263,0.002367214817175581,0.0,0.25000282670498564
1491.9322606139556,13.830665379709824,1.0442928289446414,1.0016251844541753,0.002352159053702791,0.0,0.2708363907074727
1491.9530941770265,13.83519026526897,1.0399497181082589,0.9974563881283748,0.0023594781179566027,0.0,0.29166995377840976
1491.9739277391666,13.828090198615271,1.0467726531177977,1.003997646303056,0.0023408387274837764,0.0,0.312503515918479
1491.9947613008417,13.830344988613412,1.0446010359418234,1.0019121609493415,0.0023457560115869537,0.0,0.3333370775935691
1492.0155948611196,13.831975673414002,1.0430333103088525,1.000406168081792,0.0023468587569761053,0.0,0.354170637871448
1492.036428420466,13.830101267970502,1.0448355490875836,1.0021326847406853,0.002342393063594945,0.0,0.37500419721800426
1492.0572619788804,13.832655253042274,1.0423806633764985,0.9997763388350103,0.0023488359018509143,0.0,0.3958377556323285
1492.078095536829,13.841055437828082,1.0343470317753183,0.992069548433257,0.002365955941703036,0.0,0.4166713135809914
1492.0989290933815,13.840063645828064,1.0352923127713445,0.9929749488675322,0.002366284973157795,0.0,0.4375048701333526
1492.119762649002,13.832910980522396,1.0421351764993891,0.9995371302884453,0.002348896689090713,0.0,0.45833842575393646
1492.1405962032259,13.835671375957418,1.039488998381072,0.9969984069374977,0.0023546760599923618,0.0,0.47917197997776384
1492.161429756984,13.837051942500157,1.0381680774027218,0.9957310407437452,0.0023580947772996286,0.0,0.5000055337359299
1492.1822633098104,13.83826524604507,1.037008578935044,0.9946187684466538,0.0023593381843128,0.0,0.5208390865623187
1492.2030968612405,13.838277283116037,1.0369970821491683,0.9946078399220339,0.0023599589238260943,0.0,0.5416726379924057
1492.223930411739,13.832813140191961,1.0422290919862933,0.9996263502686349,0.002347933851732185,0.0,0.5625061884909428
1492.244763961306,13.832471519739997,1.0425570747796935,0.999941565520102,0.002348747856796543,0.0,0.5833397380579299
1492.265597509942,13.831115780553883,1.0438597100855211,1.0011918649932467,0.0023462160606555604,0.0,0.6041732866938219
1492.286431057646,13.829113268361786,1.0457867625933719,1.003041332441535,0.0023403919216261997,0.0,0.6250068343979365
1492.307264603954,13.83116112659379,1.0438161139381346,1.0011526836458928,0.002345372946518765,0.0,0.6458403807059767
1492.32809814933,13.832254128714482,1.0427658411834158,1.0001470587134214,0.0023482798685192036,0.0,0.6666739260817849
1492.348931693775,13.828589952905862,1.0462909442596893,1.003530085143278,0.002339208014480472,0.0,0.6875074705269526
1492.369765237288,13.829676088728373,1.0452447915720724,1.0025289540956692,0.0023431207748484213,0.0,0.7083410140398883
1492.390598779405,13.832335467509743,1.0426877244733965,1.0000789173676374,0.0023457042865900686,0.0,0.7291745561569769
1492.41143232059,13.823696561411031,1.0510171993179562,1.0080708370329436,0.002330452291839838,0.0,0.7500080973418335
1492.4322658608448,13.830716354316337,1.044243801228505,1.0015772878702718,0.0023453674981396746,0.0,0.7708416375967317
1492.4530993997018,13.836678888886894,1.0385248481304943,0.9960953327770181,0.0023557732928697777,0.0,0.7916751764537366
1492.473932937628,13.837413769718184,1.0378221601522584,0.9954249489196194,0.002358025288878191,0.0,0.8125087143798737
1492.4947664746219,13.83113319289896,1.0438429694632083,1.0012036824049109,0.002344758381198962,0.0,0.8333422513737787
1492.515600010685,13.832787633116512,1.0422535772417725,0.9996833653953595,0.002347261720321447,0.0,0.8541757874368159
1492.536433545351,13.836392909091938,1.038798428618418,0.996373746871067,0.0023551871185057706,0.0,0.8750093221028692
1492.5572670790866,13.829812570300913,1.045113408197064,1.0024355261370608,0.002341374696004914,0.0,0.8958428558385094
1492.5781006118896,13.826511195887365,1.048296098074188,1.0054932393029723,0.002334287814260173,0.0,0.9166763886414628
1492.5989341437614,13.839993927529676,1.0353587940542943,0.9930893741989579,0.0023618710074475454,0.0,0.937509920513321
1492.6197676742365,13.836050468542851,1.0391261166946026,0.9967083782783506,0.002353680552066785,0.0,0.9583434509884228
1492.64060120378,13.838949865017604,1.03635489164173,0.9940560159828229,0.0023607386478835487,0.0,0.9791769805319746
1492.6614347319269,13.836539401884542,1.0386582783532246,0.9962714116417244,0.002354886968205706,0.0,1.0000105086787698
1492.682268259608,13.828295226344935,1.04657500183108,1.0038713986204832,0.0023411449343536134,0.0,1.0208440363599038
1492.703101785892,13.836665581804802,1.038537576655195,0.9961684857403637,0.0023553324970816266,0.0,1.0416775626438266
1492.7239353107789,13.826008499042985,1.0487815724942,1.0060014548722513,0.002334493516996801,0.0,1.0625110875307655
1492.7447688352004,13.830834513518933,1.0441301637716782,1.001546915044965,0.0023432018732692027,0.0,1.0833446119522705
1492.765602358225,13.830826453332984,1.044137915115401,1.0015617576242628,0.0023452517721719024,0.0,1.1041781349767916
1492.786435880318,13.832426789487121,1.0426000270198537,1.0000942458760684,0.002345579230476541,0.0,1.1250116570699902
1492.8072694010139,13.830540417271795,1.0444130283884938,1.0018412840150244,0.0023421618440511408,0.0,1.1458451777657501
1492.828102920779,13.835913459641441,1.0392572521492591,0.996903845831417,0.00235479518296979,0.0,1.1666786975308696
1492.8489364396125,13.830889699228827,1.0440770941589113,1.0015357523671848,0.0023443145230143676,0.0,1.1875122163644392
1492.8697699575146,13.83351466886383,1.0415558921541794,0.9991260175535819,0.002348268718806269,0.0,1.2083457342664587
1492.8906034740198,13.837963555186706,1.0372967700050586,0.9950493724610768,0.002364110347653279,0.0,1.2291792507717219
1492.9114369895935,13.834339073042733,1.0407653344519343,0.9983859411160085,0.002349969030051755,0.0,1.250012766345435
1492.9322705042368,13.826029268677217,1.0487615099769807,1.006066133251215,0.0023334851711070146,0.0,1.270846280988735
1492.953104017483,13.841376073807915,1.0340416169732047,0.9919552410458096,0.002366040101786633,0.0,1.291679794234824
1492.973937530263,13.836269474251745,1.038916533924739,0.9966418100561477,0.0023600662194865557,0.0,1.3125133070147967
1492.99477104118,13.832864071878477,1.0421802023571791,0.9997830434058925,0.0023482562459900326,0.0,1.333346817931897
1493.015604551632,13.83058284603245,1.0443722152661357,1.0018965427718565,0.0023444846994777843,0.0,1.3541803283837908
1493.0364380606866,13.829567936805306,1.045348915266471,1.0028444608633398,0.0023411111998220538,0.0,1.3750138374384733
1493.0572715688095,13.831800359035283,1.043201743027518,1.0007957835533734,0.002346094980482765,0.0,1.3958473455613785
1493.0781050760015,13.830511666623188,1.0444406851521013,1.001995837024674,0.0023421605963455908,0.0,1.4166808527534158
1493.098938582262,13.833458631699063,1.0416096504659178,0.9992915656640591,0.002350720691199397,0.0,1.4375143590139032
1493.119772087126,13.829468921278986,1.0454442519536085,1.002982404446921,0.0023413624741569156,0.0,1.4583478638778615
1493.140605591058,13.832524500309775,1.0425062024591671,1.000175951739649,0.0023473349367502377,0.0,1.4791813678098151
1493.161439094059,13.824159404897511,1.0505692518417646,1.007924238869688,0.00233123265797848,0.0,1.500014870810901
1493.182272595663,13.836709319082667,1.038495741546923,0.9963535768338396,0.0023559308192701365,0.0,1.5208483724150028
1493.203106096336,13.832660419498172,1.0423757032389545,1.0000891647964822,0.002346756145987834,0.0,1.5416818730877822
1493.223939596077,13.833750472837545,1.0413297079773856,0.9990989353521631,0.002348672050220425,0.0,1.5625153728287842
1493.244773094887,13.839058121126124,1.0362515643748238,0.9942402706856912,0.002361695932030483,0.0,1.5833488716389184
1493.2656065927658,13.830944401734095,1.0440244918843038,1.0017119805451198,0.0023435323022150643,0.0,1.60418236951773
1493.2864400892474,13.832961610479245,1.042086580874982,0.9998667638356972,0.0023485958313518873,0.0,1.6250158659993303
1493.3072735847982,13.837325341133312,1.0379066897847216,0.9958705867019522,0.002355689100688243,0.0,1.645849361550063
1493.3281070789515,13.83112771884758,1.0438482323110596,1.001586212091375,0.0023441566847491623,0.0,1.6666828557033568
1493.348940572639,13.833306343358492,1.0417557597414548,0.9995934184743362,0.0023490817886725403,0.0,1.6875163493909895
1493.36977406493,13.832022516985894,1.0429883101037831,1.0007913348374757,0.002345653579228872,0.0,1.7083498416818657
1493.3906075562895,13.831959871586715,1.0430484907477948,1.000864602892524,0.0023469328287522915,0.0,1.7291833330414192
1493.4114410467175,13.830121308959356,1.0448162632387294,1.0025767015956184,0.002342073305001639,0.0,1.7500168234694229
1493.432274535749,13.83391863994118,1.0411684313808314,0.9990923787473988,0.0023507172228313432,0.0,1.7708503125008974
1493.4531080243141,13.82674980900921,1.0480657385088823,1.005727363621376,0.0023347743304676536,0.0,1.7916838010660285
1493.4739415114836,13.830494308256592,1.0444573834340114,1.0022814031819396,0.0023444832653333773,0.0,1.81251728823554
1493.494774997721,13.835634897506608,1.0395239236098106,0.9975639809947888,0.0023533113184870972,0.0,1.8333507744728195
1493.5156084825614,13.833597584490843,1.0414763535314917,0.999454725094485,0.00234984671876189,0.0,1.8541842593133424
1493.536441966937,13.83050276750361,1.044449245832495,1.0023251103990198,0.00234191725859266,0.0,1.8750177436888862
1493.557275449914,13.840675426675574,1.0347091199148395,0.9929953678086627,0.002365837979325732,0.0,1.8958512266658545
1493.5781089319605,13.832602724080665,1.0424310959753056,1.0004239886726702,0.0023463508544963353,0.0,1.9166847087124097
1493.5989424130755,13.833880096679042,1.0412053931583911,0.9992658802368674,0.002349909953997154,0.0,1.937518189827415
1493.6197758927929,13.834923431223759,1.040205330927088,0.9983245553378695,0.0023507791875601283,0.0,1.9583516695447543
1493.6406093720454,13.836332172619086,1.0388565410006319,0.9970487718463238,0.0023546260876546573,0.0,1.9791851487973418
1493.661442849901,13.830427138739406,1.0445220012187078,1.0025053063410632,0.00234165504325487,0.0,2.0000186266529454
1493.682276326825,13.833957157126054,1.0411314959213236,0.9992704709361935,0.0023504515621707617,0.0,2.020852103576999
1493.7031098028174,13.832531299880221,1.042499673642925,1.000603218908581,0.0023464785182102433,0.0,2.0416855795692754
1493.7239432774131,13.832713606183445,1.0423246418942929,1.0004550703480737,0.0023471175920201,0.0,2.0625190541650227
1493.744776751543,13.837870050468952,1.037386106915749,0.9957349383852102,0.002356569744904895,0.0,2.0833525282948813
1493.765610224276,13.836269333467902,1.0389166686376388,0.9972243728747152,0.002353648301794124,0.0,2.1041860010279834
1493.786443696078,13.833920508341329,1.0411666396771282,0.999404691466409,0.002349508211543694,0.0,2.1250194728299903
1493.807277166948,13.837948438814973,1.0373112120699546,0.9957247416915284,0.002357126849575266,0.0,2.1458529436999925
1493.828110636422,13.832254491486799,1.0427654927686574,1.000981571768017,0.0023473410816791497,0.0,2.1666864131739203
1493.848944105429,13.835256867029877,1.0398859269609684,0.9982388182920986,0.002353027230642146,0.0,2.1875198821808226
1493.86977757304,13.831555248969607,1.043437277323467,1.0016697104739227,0.002344881884790627,0.0,2.208353349791878
1493.8906110397195,13.829505950346542,1.0454085976523744,1.0035842069930212,0.0023400023917224022,0.0,2.2291868164713833
1493.9114445054674,13.829063903212493,1.0458343124430323,1.0040152572715373,0.0023401172810062136,0.0,2.2500202822193387
1493.9322779702845,13.827534902122808,1.0473081587495163,1.005452841738895,0.0023359511394567714,0.0,2.2708537470364263
1493.9531114341698,13.830684549471984,1.0442743910696364,1.0025631959272652,0.002343488035148307,0.0,2.2916872109217366
1493.973944896658,13.831866712466766,1.0431379909853822,1.0014953122075756,0.0023448956821710246,0.0,2.3125206734098356
1493.9947783586808,13.832517779390349,1.0425126557963988,1.0009183241382134,0.002346539022483794,0.0,2.333354135432728
1494.015611819307,13.835626818692127,1.0395316585938095,0.9980798508146532,0.0023556933534422024,0.0,2.354187596058864
1494.0364452790009,13.836238046353545,1.0389466070083189,0.9975419737145381,0.0023540349557099514,0.0,2.375021055752768
1494.057278737299,13.832055103183635,1.042957007368235,1.001416758918324,0.0023458718635614513,0.0,2.395854514050825
1494.0781121951309,13.837090278670289,1.0381314214588206,0.9968077409184186,0.002356741793327787,0.0,2.416687971882766
1494.098945652032,13.832916116856348,1.042130246442158,1.0006721233395837,0.002347720302737776,0.0,2.437521428783839
1494.119779107536,13.84460289604598,1.0309729939805334,0.9899834679530077,0.0023706008825947495,0.0,2.458354884287928
1494.140612562108,13.83089407994725,1.0440728815347828,1.0025878539322883,0.0023422100735278465,0.0,2.4791883388597853
1494.1614460157489,13.834618899500404,1.0404971328860557,0.9991796934417859,0.002350300591735659,0.0,2.5000217925007746
1494.182279468459,13.836655472311238,1.038547246718494,0.997332969200523,0.0023585151478019086,0.0,2.520855245210896
1494.203112920237,13.836525720729991,1.0386713663702751,0.9974781707739858,0.002355440026977582,0.0,2.5416886969887855
1494.223946371084,13.835526738240493,1.0396274844422062,0.9984226726770896,0.002352129913742158,0.0,2.562522147835807
1494.244779820534,13.83493607561441,1.0401932168556254,0.9989925717503744,0.0023505868166452735,0.0,2.583355597285845
1494.2656132695179,13.833463576838925,1.0416049063175223,1.0003752433171114,0.002348169565597232,0.0,2.6041890462697665
1494.2864467171055,13.832010295402897,1.043000050561442,1.0017423695720926,0.0023449520213266414,0.0,2.6250224938573865
1494.3072801637616,13.830877324557239,1.0440889940888618,1.002815745056481,0.0023423432629505166,0.0,2.6458559405134565
1494.328113609486,13.832714026751333,1.0423242381422715,1.0011484835585562,0.002345933569596627,0.0,2.6666893862379766
1494.3489470542795,13.834889791423254,1.0402375605255487,0.9991721869728007,0.002354018272624229,0.0,2.6875228310314014
1494.3697804981416,13.835742553466895,1.0394208549291524,0.9984159215803213,0.0023524099685622263,0.0,2.7083562748935037
1494.390613941072,13.832886638584117,1.0421585411752687,1.0010741526636255,0.0023469097735158025,0.0,2.7291897178238287
1494.4114473826062,13.830610661898255,1.0443454594619686,1.0032037364153836,0.002341851486745656,0.0,2.7500231593580793
1494.432280823208,13.836876696907396,1.0383356586833847,0.9974596746649151,0.002360084859235791,0.0,2.7708565999598704
1494.453114263345,13.839050593369711,1.0362587490633024,0.9954937240009817,0.0023588943059449515,0.0,2.79169004009691
1494.4739477020848,13.840980346322024,1.0344185715858605,0.9937553530758133,0.002361706527892594,0.0,2.812523478836738
1494.494781139894,13.832996485102658,1.0420531088462839,1.0011196813092509,0.002345862208215989,0.0,2.8333569166459256
1494.515614576771,13.839906927336312,1.0354417608227435,0.9947980246699715,0.002362620606159884,0.0,2.854190353522881
1494.5364480127164,13.83139105547065,1.0435950859808611,1.0026618079387688,0.002343201538157947,0.0,2.875023789468287
1494.557281447731,13.834591833893654,1.040523071080909,0.9997409673782457,0.002351321926096698,0.0,2.8958572244828247
1494.5781148813485,13.830317547511982,1.044627437718887,1.003715542388951,0.0023415152192159455,0.0,2.9166906581003786
1494.5989483145,13.83560609927986,1.0395514964608907,0.9988695914436014,0.0023511240280129782,0.0,2.9375240912518166
1494.619781746255,13.834191782407121,1.0409065339306007,1.000203109778813,0.0023486021755122883,0.0,2.9583575230069528
1494.6406151770784,13.836216183702806,1.0389675277028636,0.9983716487154215,0.002352830389085858,0.0,2.9791909538303116
1494.6614486074366,13.832994904288936,1.0420546260592534,1.0013702139889846,0.002346485169834942,0.0,3.000024384188464
1494.6822820363968,13.82979552936891,1.045129811671695,1.0043577953843137,0.0023392044429721794,0.0,3.020857813148723
1494.703115464427,13.828503424263904,1.0463743326019015,1.0055865374906574,0.002336983614297861,0.0,3.041691241178796
1494.723948891525,13.836230772407003,1.038953567508817,0.9984878464931105,0.0023536190308418295,0.0,3.0625246682768648
1494.744782317692,13.83858805747472,1.0367003010493292,0.9963553540431849,0.0023583188486809895,0.0,3.083358094443838
1494.7656157424622,13.837651455495934,1.0375949884253786,0.9972485364468263,0.0023569902653636445,0.0,3.104191519214055
1494.786449166766,13.834956395729833,1.0401737492829828,0.9997606923156018,0.002350751404061126,0.0,3.1250249435179285
1494.828116012115,13.83873968337706,1.036555533248104,0.9963509721478854,0.0023563577254396167,0.0,3.166691788866956
1494.848949433625,13.836075202443512,1.0391024448770072,0.9988335502616777,0.002351178400637693,0.0,3.1875252103768617
1494.8697828537386,13.836851148374047,1.0383600921186935,0.9981546671577637,0.002353171664276363,0.0,3.2083586304904657
1494.8906162729204,13.83886713787191,1.0364338592105333,0.9963379269624162,0.0023577744172683956,0.0,3.2291920496722923
1494.911449691172,13.832266532979283,1.0427539279123308,1.002448890326635,0.0023449098160854267,0.0,3.2500254679239333
1494.932283108492,13.832826503643917,1.0422162641072703,1.0019676598077352,0.0023446987212162123,0.0,3.270858885243797
1494.95311652488,13.827935031027884,1.0469222629341026,1.0065280084415362,0.002337344031399404,0.0,3.2916923016318833
1494.9739499403358,13.833729010233906,1.0413502929662484,1.0012071954569823,0.0023477736443308426,0.0,3.3125257170877376
1494.994783354862,13.833432103014303,1.0416351012812495,1.0015174776100968,0.0023471576845832654,0.0,3.333359131613861
1495.0156167684559,13.834910639172886,1.0402175866093077,1.0001912341542805,0.0023509680479552597,0.0,3.354192545207752
1495.036450181118,13.8342583304484,1.0408427355900507,1.0008293009408347,0.002348853512500413,0.0,3.375025957869866
1495.057283592384,13.839320261901841,1.0360014014001941,0.9962111570832458,0.0023611118011580613,0.0,3.3958593691359056
1495.078117003184,13.830808860610546,1.044154833937184,1.0040890765387824,0.0023410128090405177,0.0,3.416692779935829
1495.098950413053,13.82960893566809,1.045309442227467,1.005237337658921,0.0023391990981110776,0.0,3.437526189804885
1495.1197838215244,13.832197636858373,1.0428200986633964,1.0028815645279543,0.0023439299015763034,0.0,3.4583595982762745
1495.140617229065,13.837206233008732,1.0380205571310483,0.998304077543421,0.0023545665582556242,0.0,3.4791930058167964
1495.16145063614,13.831807246608689,1.043195125300524,1.0033193620357823,0.002343593215801585,0.0,3.5000264128918843
1495.1822840418176,13.833935226810318,1.0411525254982303,1.0013937427826023,0.0023467486601965563,0.0,3.5208598185695337
1495.203117446564,13.83747915985804,1.0377596575919175,0.9981694889057025,0.002354588038989732,0.0,3.5416932233158605
1495.223950850379,13.838625523327753,1.0366645279114262,0.9971554197523038,0.002357467673916077,0.0,3.5625266271308647
1495.2447842532629,13.837106896089296,1.038115532762539,0.9985907346848009,0.0023547081478507343,0.0,3.5833600300147737
1495.2656176552155,13.836513034470734,1.0386835027724348,0.999176986078204,0.002352723158410812,0.0,3.60419343196736
1495.286451056237,13.833631353311514,1.041443961794768,1.0018727373835399,0.0023481825767313197,0.0,3.6250268329888513
1495.3072844563264,13.839251879972021,1.0360666529832256,0.9967400997014867,0.0023587020791426185,0.0,3.645860233078338
1495.328117855485,13.839236587367733,1.0360812460941997,0.9967947651413835,0.0023577368875649816,0.0,3.6666936322369565
1495.3489512537121,13.838113106635925,1.037153900539039,0.9978676884264555,0.0023551334281537405,0.0,3.6875270304640253
1495.369784651008,13.839123064643456,1.0361895826443996,0.9969810754687439,0.002357402768746925,0.0,3.708360427759999
1495.390618046907,13.837250672786299,1.0379780712505668,0.9987434121337028,0.0023543789593177926,0.0,3.7291938236589885
1495.41145144234,13.832870306729433,1.0421742176441846,1.0028229139821825,0.0023470951756829595,0.0,3.750027219091862
1495.4322848363765,13.836847383357913,1.0383636928545446,0.9991983572978318,0.002353004994740613,0.0,3.770860613128434
1495.453118229948,13.831286813726557,1.04369528655801,1.0043714312721352,0.0023422425107791694,0.0,3.7916940066997995
1495.473951622587,13.83687651354725,1.0383358340384965,0.9992565445779029,0.0023536631669330028,0.0,3.812527399338933
1495.4947850138294,13.833300519868118,1.0417613473518539,1.002596184759261,0.002345359806033539,0.0,3.8333607905813096
1495.5156184041405,13.839700500968148,1.0356386436396336,0.9967467369544868,0.0023592410974010744,0.0,3.854194180892364
1495.5364517939856,13.839628100932844,1.035707705327029,0.9968565540590085,0.0023580836776670557,0.0,3.8750275707375295
1495.557285182434,13.837067326099435,1.0381533678918164,0.999254201728672,0.0023546163287837124,0.0,3.8958609591859386
1495.5781185699511,13.837489880632848,1.0377494105976504,0.9989093643085439,0.0023543898029675862,0.0,3.916694346703025
1495.5989519565364,13.836100590685888,1.0390781473762212,1.0002326854348054,0.0023508033063627163,0.0,3.9375277332883343
1495.619785342657,13.834890824259137,1.0402365709719503,1.0013924420647318,0.0023501468755374247,0.0,3.9583611194088917
1495.6406187273794,13.841014280552745,1.0343862417715188,0.9958052368575856,0.002360721558148708,0.0,3.9791945041313284
1495.661452111171,13.834543900562302,1.040569009346488,1.0018026026709916,0.0023490128190496317,0.0,4.000027887922897
1495.682285494032,13.83760210395284,1.0376421528078204,0.999030140001364,0.002354064727696467,0.0,4.020861270783826
1495.703118875961,13.837819567987973,1.037434342427925,0.9988756823213427,0.0023538317187311725,0.0,4.041694652712977
1495.7239522569585,13.840393991564383,1.034977362992501,0.9965558085103574,0.0023604407828807855,0.0,4.06252803371035
1495.744785637025,13.835734167096886,1.039428883584283,1.000888333879156,0.0023513786324570185,0.0,4.083361413776856
1495.76561901616,13.833158289021213,1.0418978264557246,1.0033123771825176,0.00234507663117215,0.0,4.104194792911812
1495.786452394364,13.837596806880214,1.0376472152522962,0.9992659127973597,0.0023553441885425944,0.0,4.1250281711159005
1495.8072857711704,13.835814078507028,1.0393523832605354,1.0009550919647086,0.0023506518570917657,0.0,4.145861547922323
1495.8281191475114,13.840360765826732,1.035009035890909,0.9968193643302964,0.002360902233345966,0.0,4.166694924263311
1495.8489525229215,13.837307084159121,1.0379241426382593,0.9996744796840502,0.0023558935259854687,0.0,4.187528299673431
1495.8697858974,13.836512674264515,1.0386838473684021,1.0004540685167702,0.0023524668348120503,0.0,4.208361674152002
1495.8906192704815,13.835468303013673,1.039683439565056,1.0014650729912014,0.002350016808425603,0.0,4.229195047233361
1495.9114526430972,13.831226152922667,1.0437536001368335,1.005434285503057,0.002342497055478673,0.0,4.250028419849059
1495.932286014782,13.837490510725377,1.0377488083537927,0.9996986130814011,0.0023556195440183982,0.0,4.270861791533889
1495.953119385069,13.840695306294265,1.0346901747655857,0.9968009249896969,0.0023620426131987136,0.0,4.291695161820826
1495.973952754891,13.836197030506758,1.038985856026245,1.0009885794334559,0.002350879693192283,0.0,4.3125285316427835
1495.9947861233159,13.843060429109135,1.032438701658129,0.9947301051273203,0.002366011917870049,0.0,4.333361900067757
1496.015619491275,13.84530990312077,1.0303018660162928,0.9927207280817822,0.0023692516708399267,0.0,4.354195268026842
1496.0364528578375,13.836050377246988,1.039126204071186,1.0012733041053954,0.0023503704543817536,0.0,4.375028634589398
1496.057286223934,13.83902788452255,1.0362804232854093,0.9985814404390764,0.002357165000003647,0.0,4.395862000685838
1496.0781195886334,13.84299605577796,1.0324999167935007,0.9949888094341415,0.00236455964864428,0.0,4.416695365385294
1496.0989529528674,13.838453499868422,1.0368287894931307,0.999211244008812,0.002355158163236381,0.0,4.437528729619316
1496.1197863157045,13.841520787275961,1.0339038028560754,0.9964433435883342,0.0023645670312417476,0.0,4.458362092456355
1496.14061967761,13.83358177775479,1.0414915160190177,1.0038077539234773,0.0023455634704234317,0.0,4.479195454361843
1496.16145303905,13.838912505552297,1.0363905525422146,0.998942995404109,0.0023580072550290483,0.0,4.5000288158018975
1496.182286399093,13.83233623830371,1.0426869842409905,1.005064151636357,0.002343092023084061,0.0,4.520862175844968
1496.203119758205,13.833953386263536,1.04113511187383,1.0036207064963398,0.002346928778099928,0.0,4.5416955349569434
1496.223953116385,13.835254624578278,1.0398880747168011,1.0024712494724153,0.0023481939109067165,0.0,4.562528893136914
1496.2447864741,13.836937328144453,1.0382776760745376,1.0009716380277882,0.0023540836541044736,0.0,4.583362250851906
1496.2656198304176,13.8405000815651,1.034876237705877,0.9977453616643284,0.002359515456596485,0.0,4.6041956071694585
1496.286453185804,13.837924069692825,1.0373344945645493,1.000168766471681,0.0023534874431678935,0.0,4.625028962555916
1496.307286540259,13.838086962766155,1.0371788748770512,1.0000723407679908,0.0023544671848575653,0.0,4.645862317010824
1496.3281198937825,13.84029023462091,1.0350762739605095,0.9980987499852507,0.0023579508822421957,0.0,4.666695670534409
1496.348953246375,13.835023887258384,1.0401090920171963,1.0030060999021169,0.002348425527903664,0.0,4.687529023126899
1496.3697865980362,13.840623474467826,1.0347586316738022,0.9979008263277707,0.0023611038654534344,0.0,4.7083623747880665
1496.390619948766,13.839812242446918,1.0355320635714775,0.9987013507080287,0.0023586300706010107,0.0,4.729195725517911
1496.41145329903,13.846904369469435,1.0287899186597247,0.9922535650141102,0.0023727595176805064,0.0,4.7500290757818675
1496.4322866478974,13.839599433435893,1.0357350522454938,0.9990072573132621,0.002357933934443755,0.0,4.7708624246492946
1496.4531199958335,13.838872366663058,1.0364288678663032,0.9997319921611796,0.002355778788652444,0.0,4.791695772585399
1496.4739533428378,13.835524270134538,1.0396298477360606,1.0028756073959437,0.0023474637293104967,0.0,4.812529119589726
1496.494786688445,13.840165667867685,1.035195035301375,0.9986535912292066,0.002357871851740271,0.0,4.833362465196842
1496.5156200335869,13.839219248571833,1.0360977920513343,0.9995808197832322,0.002356421716705335,0.0,4.8541958103387515
1496.5364533777974,13.839378832931779,1.0359455148670302,0.9994905176201744,0.002356816221508508,0.0,4.875029154549338
1496.5572867210772,13.83266655917642,1.0423698087746194,1.005745979122497,0.0023432463910999903,0.0,4.895862497829057
1496.5781200634244,13.837536619949628,1.0377047380020084,1.0013020778441477,0.0023555218648331887,0.0,4.916695840176317
1496.598953404841,13.837702033047432,1.0375466545930743,1.001207071512628,0.002354187880279282,0.0,4.937529181592936
1496.619786745326,13.838269768158622,1.037004259782049,1.0007414539628288,0.002354909091347382,0.0,4.958362522078005
1496.64062008488,13.832652802684327,1.0423830158895795,1.0059904814396832,0.002342344658822565,0.0,4.979195861631979
1496.661453423037,13.840704332831924,1.0346815726475358,0.9986161244845355,0.00235851361120788,0.0,5.000029199788969
1496.6822867607284,13.84214955784759,1.0333052227595987,0.9973461571510578,0.002362759294774421,0.0,5.020862537480298
1496.703120097488,13.840549657540173,1.0348289851347332,0.9988756648815179,0.002360083071628193,0.0,5.041695874239849
1496.723953433317,13.845489114303234,1.0301318188378896,0.9944004763082559,0.0023684192827575588,0.0,5.062529210068988
1496.7447867677486,13.842196677390511,1.033260379626357,0.9974797589640819,0.0023610885956503293,0.0,5.08336254450046
1496.765620101714,13.839689025905923,1.035649589282439,0.9998458887309656,0.0023568374910701868,0.0,5.104195878465816
1496.786453434749,13.843036606195799,1.032461355381422,0.9968276263603207,0.0023626537317766876,0.0,5.125029211500987
1496.8072867663868,13.84249855155474,1.0329731355845946,0.9973818017041579,0.00236273852475975,0.0,5.145862543138719
1496.8281200975584,13.84116205690173,1.0342454640950103,0.9986707031455037,0.0023589237985548075,0.0,5.166695874310335
1496.848953427334,13.834510178486347,1.0406013290683125,1.0048690098461641,0.002347362540648171,0.0,5.187529204085877
1496.869786756643,13.839427898129555,1.0358987008040261,1.0003889280439906,0.0023564883360608292,0.0,5.208362533394848
1496.890620085021,13.835791354848189,1.0393741363678022,1.0038067809041,0.002350178121036741,0.0,5.229195861772951
1496.911453412002,13.839674308148615,1.035663628183007,1.0002848586139101,0.0023565512140115556,0.0,5.250029188753842
1496.9322867385176,13.834096729422916,1.0409976661992206,1.0054988943051835,0.0023463480012516284,0.0,5.270862515269528
1496.9531200636354,13.838618479714913,1.0366712531981317,1.0013822477403218,0.0023549234299725117,0.0,5.2916958403873195
1496.9739533882885,13.83913544583622,1.0361777665239125,1.0009680428622305,0.0023557563881609527,0.0,5.31252916504036
1496.994786711544,13.837831326356559,1.0374231072224722,1.0022339052653768,0.002353251124086756,0.0,5.333362488295961
1497.015620034334,13.839989793810318,1.035362735979429,1.000306415653459,0.0023579835798447444,0.0,5.354195811085901
1497.036453355727,13.837651241588558,1.0375951928481844,1.0025266947228257,0.0023519355750398177,0.0,5.375029132478858
1497.0572866766552,13.841610933646937,1.0338179635829126,0.9989405877301484,0.0023601851855935252,0.0,5.395862453407062
1497.078119996185,13.837630691669759,1.0376148317794962,1.0026733371130152,0.00235642200400931,0.0,5.416695772936919
1497.098953314784,13.83757809895876,1.0376650947240849,1.0027861658966435,0.002352626821183466,0.0,5.437529091535907
1497.119786632918,13.839494018140922,1.0358356177567607,1.001082608896096,0.002357623364004858,0.0,5.458362409669917
1497.1406199496541,13.83375978088924,1.0413207806622962,1.0064487902585961,0.0023454235711689695,0.0,5.479195726406033
1497.1614532654594,13.841268735304869,1.034143849877883,0.9995770839214674,0.0023606395113686418,0.0,5.500029042211281
1497.182286580799,13.84624692427493,1.0294130698528223,0.9950692968529075,0.0023703928010975813,0.0,5.520862357550868
1497.2031198947416,13.842197155977889,1.0332599241701754,0.9988531978085333,0.002361361246524148,0.0,5.541695671493471
1497.2239532077524,13.842114169815355,1.033338902427179,0.9989952190542148,0.0023616838630132688,0.0,5.562528984504297
1497.2447865198326,13.843432425540449,1.0320850266823722,0.9978488903219818,0.002367069158414632,0.0,5.5833622965844825
1497.265619830981,13.84038751720177,1.0349835346930436,1.0007175895283411,0.002357367446137712,0.0,5.6041956077328905
1497.286453141664,13.84269975340992,1.0327817291876593,0.9986551604709882,0.002362183086165385,0.0,5.625028918415865
1497.30728645095,13.844334919919167,1.0312274851229848,0.997218934007239,0.002366614181014439,0.0,5.645862227701855
1497.328119759304,13.843192857550324,1.032312781651576,0.998335450117289,0.0023633661380038696,0.0,5.66669553605584
1497.3489530667275,13.842644459259251,1.0328343278230152,0.9989071565289132,0.0023638123516357312,0.0,5.687528843479413
1497.36978637322,13.837490933996762,1.0377484037902458,1.0037277412061778,0.0023529539831232994,0.0,5.70836214997189
1497.3906196787805,13.840279346780882,1.0350866538311871,1.001221288862183,0.0023580791708669733,0.0,5.729195455532363
1497.41145298341,13.839922520146011,1.0354268904239077,1.001618735452086,0.002357250068664623,0.0,5.7500287601619675
1497.4322862871081,13.836725046580785,1.0384806984623733,1.0046416587323634,0.0023513614210012735,0.0,5.770862063860022
1497.4531195898749,13.83349238750375,1.0415772670700243,1.0077066409832411,0.00234709769880813,0.0,5.7916953666267545
1497.47395289171,13.840831908571412,1.034560003051378,1.0009866996239,0.0023602934201945396,0.0,5.812528668461937
1497.494786192614,13.836452304393402,1.0387416026067742,1.0051022930026106,0.002349941862598347,0.0,5.8333619693657965
1497.5156194925864,13.8423431340299,1.033121010932391,0.9997333215591818,0.002364987090156299,0.0,5.854195269338334
1497.536452791628,13.832289960229845,1.0427314283457847,1.0091036877031452,0.002341660667580072,0.0,5.875028568380003
1497.5572860892726,13.845841846874748,1.0297972053045807,0.9966565271964593,0.0023687618755820128,0.0,5.895861866024461
1497.578119386451,13.84061048654208,1.034771009863457,1.0015408249392141,0.002359781938368706,0.0,5.916695163202803
1497.5989526826984,13.843340719891966,1.032172204418121,0.9990961405014659,0.0023645411541055408,0.0,5.937528459450277
1497.6197859780145,13.839312336830396,1.0360089634719496,1.002881160542253,0.0023565096347352935,0.0,5.958361754766429
1497.640619272399,13.841021560187535,1.0343793064507698,1.0013749955632836,0.0023611838472879796,0.0,5.979195049150803
1497.661452565387,13.845107613568839,1.030493845172003,0.9976849047633829,0.002367648112306992,0.0,6.000028342138876
1497.682285857909,13.84411553252071,1.0314358793654834,0.9986686899989348,0.002366434880661249,0.0,6.020861634660832
1497.7031191490341,13.842509651395469,1.0329625752121734,1.0002190179617476,0.002363272538701349,0.0,6.041694925786032
1497.7239524396934,13.840523798628944,1.0348536318854022,1.0021226794900198,0.0023585203476186923,0.0,6.062528216445344
1497.744785729422,13.843323760291753,1.032188327454804,0.9996143200949095,0.0023648206924937933,0.0,6.083361506173787
1497.765619009371,13.845159646491432,1.0304444608727352,0.9979982921427284,0.0023683944887853887,0.0,6.104194786122889
1497.7864522967711,13.839457087418424,1.0358708517373425,1.00332729250733,0.002355662659260627,0.0,6.125028073523026
1497.807285583705,13.843234597918313,1.0322730958725226,0.999916067630686,0.0023639254998011217,0.0,6.14586136045682
1497.828118869242,13.836831617955955,1.0383787704947454,1.0059045791705812,0.0023523321930639723,0.0,6.166694645993857
1497.8489521538481,13.838479230534158,1.0368042181665307,1.0044536636662416,0.0023558516857270116,0.0,6.187527930600027
1497.869785437988,13.84312046212776,1.0323816171674005,1.0002434185192306,0.002363397785011564,0.0,6.208361214739853
1497.8906187207315,13.846945847120116,1.0287506172404552,0.9967998348232807,0.002371814033292608,0.0,6.229194497483377
1497.911452002543,13.849008563269184,1.0267980195126036,0.9949824047672883,0.0023761041844979993,0.0,6.250027779294896
1497.9531185638389,13.847925511392127,1.0278227899541064,0.996125469050444,0.0023714473003876935,0.0,6.291694340590766
1497.9739518428564,13.847264810985275,1.0284484387947523,0.9968073175730265,0.0023755217940350814,0.0,6.312527619608318
1497.994785120943,13.841664874733686,1.0337666031520982,1.0020380336982275,0.002361255816097134,0.0,6.333360897695002
1498.0156183980985,13.845925670720304,1.0297177032769378,0.9981895590581394,0.002368143265532061,0.0,6.354194174850363
1498.0364516743216,13.845611627887417,1.0300155861650013,0.9985547832883255,0.0023679841039730325,0.0,6.375027451073493
1498.0572849496134,13.8450150721186,1.0305816818478797,0.9991803768040687,0.0023686098779349073,0.0,6.395860726365299
1498.078118223975,13.840086625383366,1.035270401090505,1.0038036572234066,0.0023572017351344205,0.0,6.41669400072692
1498.0989514969394,13.84384525591274,1.0316926707393947,1.0004121126866736,0.002364356812518453,0.0,6.43752727369133
1498.119784769438,13.843203836076391,1.0323023433743632,1.001081073275504,0.002363927576041634,0.0,6.4583605461898514
1498.140618041005,13.843542120376647,1.0319807576357436,1.0008472480123096,0.002363428910912867,0.0,6.479193817756823
1498.161451311641,13.840447768028616,1.0349261018808535,1.0037822786247586,0.0023573953274187787,0.0,6.500027088392926
1498.18228458088,13.84262441761271,1.0328533931277304,1.0018506157807239,0.0023631621183904466,0.0,6.520860357631818
1498.2031178496536,13.837993260956777,1.0372683899273916,1.0062123852615528,0.002352979388277127,0.0,6.541693626405504
1498.2239511174955,13.842676125040148,1.0328042053784876,1.0019611002481712,0.002361011439851938,0.0,6.562526894247412
1498.244784383941,13.842866095933232,1.0326235117876734,1.0018653163529356,0.002362702811713721,0.0,6.583360160692791
1498.2656176494545,13.84167661192367,1.0337554278321794,1.0030434041851266,0.002361328989397436,0.0,6.604193426206393
1498.2864509145024,13.844737979481849,1.030844731967637,1.000299131485681,0.0023654829336023364,0.0,6.625026691254334
1498.3072841781536,13.847443920216875,1.0282787940726537,0.9978892618517005,0.0023709791872863124,0.0,6.645859954905518
1498.328117440873,13.842162414406666,1.033292987125448,1.0028359792616477,0.002360211128289529,0.0,6.666693217624925
1498.3489507031281,13.849558049857361,1.026278492771681,0.9961086919922272,0.002374977152065961,0.0,6.6875264798800345
1498.369783963985,13.849725641470087,1.026120091133031,0.9960356700320373,0.002375881108647327,0.0,6.708359740736796
1498.390617223911,13.847043962088328,1.0286576561020506,0.9985800460640397,0.0023711089841533324,0.0,6.729193000662917
1498.4114504829054,13.845783576891858,1.0298524746006845,0.9998215184466247,0.002368526566716342,0.0,6.750026259657261
1498.432283740969,13.849335765598477,1.026488625681494,0.9966373702386232,0.002375397635660234,0.0,6.7708595177209645
1498.4531169981005,13.8465368997422,1.0291381737258478,0.999291973735523,0.002369866422083024,0.0,6.791692774852436
1498.473950253835,13.846920216644653,1.0287749027699973,0.9990216026892331,0.0023718906831033414,0.0,6.812526030586923
1498.4947835091045,13.845389986697581,1.0302258740622852,1.0005133784516131,0.0023671117543690627,0.0,6.833359285856432
1498.5156167634425,13.8456516669007,1.0299776026777216,1.0003553030341223,0.0023685899695733976,0.0,6.85419254019439
1498.5364500163835,13.848144453302329,1.0276155473511739,0.998144312857388,0.0023778670081298237,0.0,6.875025793135364
1498.5572832688586,13.840792742661213,1.0345973235486012,1.005009842926807,0.0023583594111153358,0.0,6.89585904561045
1498.5781165199364,13.846909399150158,1.0287851527941179,0.9994476906157788,0.002370644870332271,0.0,6.916692296688325
1498.598949770549,13.840895263330365,1.0344996362817611,1.0050837727702517,0.0023569517625255795,0.0,6.937525547300993
1498.619783019765,13.844366367611713,1.0311976166751007,1.0019602205852824,0.002365263245015477,0.0,6.9583587965169045
1498.6406162680491,13.8493697855654,1.026456462655295,0.9974379651704687,0.002375067200653863,0.0,6.979192044801039
1498.661449515868,13.8449317906256,1.0306607357401303,1.001608489063664,0.0023665035820948487,0.0,7.000025292619966
1498.682282762289,13.842121675154278,1.033331759318341,1.0042898398903464,0.002360946240485308,0.0,7.020858539041001
1498.70311600778,13.84452461578736,1.0310473285580082,1.0021553310801363,0.002365809835281011,0.0,7.041691784531849
1498.723949251873,13.847933677897858,1.0278150590807134,0.9990993734769271,0.0023721194848787754,0.0,7.062525028624805
1498.7447824954995,13.850598485579898,1.0252955050523498,0.9967360269489246,0.0023780092250908365,0.0,7.083358272251417
1498.7656157381955,13.845547449131328,1.030076473029219,1.0014703257366442,0.0023661454966001877,0.0,7.104191514947388
1498.7864489799604,13.85153193841461,1.0244143944336843,0.9960518044443321,0.0023785907484870313,0.0,7.125024756712264
1498.8072822203285,13.84769637238258,1.0280397295282238,0.9996636768533034,0.00237168842983324,0.0,7.145857997080384
1498.828115460231,13.846332321785397,1.0293321055671127,1.0010076899092624,0.0023683268679677277,0.0,7.166691236982842
1498.8489486987364,13.84417491398279,1.0313794692582974,1.0030864888102555,0.0023652675161165097,0.0,7.187524475488317
1498.8697819363106,13.849631509555131,1.026209058265186,0.9981455353044303,0.0023757788881530865,0.0,7.208357713062469
1498.890615172953,13.849092814221773,1.0267183451363444,0.998728849277938,0.0023745875757403205,0.0,7.229190949704844
1498.9114484086645,13.844480262771427,1.0310894483587982,1.0030694107127085,0.002364953700464943,0.0,7.2500241854163505
1498.932281643445,13.848066548573271,1.0276892843994903,0.999850263645253,0.002371062066088821,0.0,7.2708574201969896
1498.9531148772935,13.843256157211085,1.0322525983917892,1.0043792637031839,0.0023653418078923606,0.0,7.2916906540453965
1498.973948110211,13.850857596344486,1.0250508476455737,0.9974609454045686,0.002377129012672428,0.0,7.312523886962936
1498.994781342197,13.845524194706908,1.030098535563293,1.0024624681034306,0.0023671349240284995,0.0,7.333357118948925
1499.015614572786,13.847459420113976,1.0282641145384692,1.0007670892133809,0.0023705895863919742,0.0,7.35419034953793
1499.0364478029096,13.848860982405125,1.0269375985720808,0.9995660474706495,0.0023731882847678187,0.0,7.375023579661502
1499.057281031636,13.846639290184026,1.0290411253421294,1.0017039846455873,0.0023694302046488977,0.0,7.395856808387862
1499.0781142594315,13.84875648836834,1.0270364384364374,0.9998431447280858,0.0023728172260315257,0.0,7.416690036183354
1499.098947486295,13.854205915924599,1.0218945460140119,0.9949278233315108,0.002383828866631235,0.0,7.437523263046842
1499.1197807122276,13.846753288406596,1.0289330855618886,1.0018719643384109,0.002368410387800821,0.0,7.458356488979462
1499.1406139372289,13.849569838827696,1.026267349456231,0.9993677328275304,0.002373853416907824,0.0,7.479189713980759
1499.161447161299,13.846867402499154,1.0288249473284123,1.0019502079038085,0.0023697612926440186,0.0,7.500022938050961
1499.182280384437,13.853876438813511,1.0222046968154583,0.995594503331621,0.002382673926571754,0.0,7.520856161188931
1499.203113606179,13.85231927805977,1.0236717926055285,0.9971154426699735,0.002380309633464407,0.0,7.5416893829308265
1499.2239468274552,13.848572513481846,1.0272104815609906,1.0006549751262221,0.0023729733804698835,0.0,7.562522604207061
1499.244780047334,13.85003336384156,1.0258293065355382,0.999402318252708,0.0023760149049141853,0.0,7.5833558240858565
1499.2656132662805,13.845011595687449,1.030584981684416,1.004129014835934,0.0023676564100747173,0.0,7.60418904303242
1499.286446484297,13.847887343017195,1.027858923054399,1.0015665164681933,0.002371884402155102,0.0,7.625022261048798
1499.307279701382,13.844812677192206,1.0307738131826607,1.0045009831448906,0.0023671958722831688,0.0,7.6458554781338535
1499.32811291707,13.850072127870229,1.0257926820160534,0.9997407892594192,0.0023757191950553023,0.0,7.666688693821925
1499.348946132292,13.852479771692822,1.0235204845234769,0.9976203577797857,0.0023816513195654013,0.0,7.68752190904388
1499.3697793461174,13.850708080865136,1.0251920159342898,0.9993440963904515,0.002377442531253601,0.0,7.708355122869307
1499.390612559477,13.852072657869119,1.0239043415489069,0.9981835663500904,0.002384031456469381,0.0,7.7291883362288445
1499.41144577144,13.84399949332217,1.031546121050642,1.0057290616213905,0.002363457266844472,0.0,7.750021548191853
1499.432278982471,13.847869912551387,1.0278754244877562,1.0022458660519786,0.0023720189256462307,0.0,7.770854759222857
1499.453112192571,13.848270018645048,1.0274967105317088,1.0019724859259425,0.002371680425537435,0.0,7.791687969322993
1499.4739454012745,13.85443807120091,1.0216760649060064,0.9963920715718401,0.0023841857648935296,0.0,7.812521178026373
1499.4947786095115,13.852038357165316,1.023936689364299,0.9986928951383415,0.0023851098085259804,0.0,7.833354386263409
1499.515611816352,13.856538364000198,1.0197016030335884,0.9946582573963042,0.0023879359525394083,0.0,7.854187593103916
1499.536445022261,13.850063374082112,1.0258009525406515,1.000704716353898,0.002376444756327991,0.0,7.875020799012873
1499.557278227239,13.850706806341595,1.0251932193869526,1.000208994006624,0.002376820449708868,0.0,7.895854003990962
1499.578111431285,13.851329779988628,1.0246051528165534,0.9997326393392257,0.002378855587180719,0.0,7.916687208036819
1499.5989446344006,13.853408990672229,1.022644887129766,0.9979174470782429,0.0023821059331220334,0.0,7.937520411152491
1499.619777836584,13.854694847629526,1.0214344672596474,0.9968339602950081,0.0023868450971487676,0.0,7.95835361333593
1499.640611037371,13.850995136094305,1.0249210036678424,1.0003348189170462,0.002376712390738074,0.0,7.979186814122841
1499.661444237227,13.849277083307232,1.0265441072359505,1.0020177303551243,0.0023744369159285537,0.0,8.000020013978883
1499.682277436151,13.850965403454357,1.0249490712815985,1.0005596879600647,0.002377706617102465,0.0,8.02085321290292
1499.703110634143,13.851480893762659,1.0244625572426664,1.0001838832481698,0.0023831513738288,0.0,8.041686410894954
1499.723943831204,13.853054416096944,1.0229789121812505,0.9988346822077447,0.0023818025393492646,0.0,8.062519607955892
1499.7447770268686,13.851524060350616,1.0244218275757317,1.0003432603028946,0.002379675425003687,0.0,8.083352803620528
1499.7656102216015,13.850311870735691,1.0255662003659056,1.0015608602270945,0.0023760828803942717,0.0,8.104185998353387
1499.7864434154035,13.850561019476933,1.0253308861049328,1.001431451647185,0.002378476914713731,0.0,8.125019192155378
1499.807276608274,13.848723092297675,1.0270680294516665,1.0032289679746638,0.0023724592819666887,0.0,8.145852385025819
1499.828109800213,13.852716523443101,1.0232973236421588,0.9996465723115097,0.0023812559207119026,0.0,8.166685576964937
1499.8489429907554,13.856311237014658,1.0199149384427801,0.9964431122684302,0.0023883149478644184,0.0,8.1875187675073
1499.869776180832,13.848632038573175,1.0271541666648214,1.003617502794111,0.0023733860574236478,0.0,8.208351957584
1499.890609369512,13.855150821897329,1.021005587716517,0.9977112635155916,0.0023860903577260922,0.0,8.229185146263944
1499.911442556794,13.852208323475894,1.0237764099896296,1.0005208891545383,0.0023793303449974896,0.0,8.250018333545995
1499.932275743611,13.855418486078248,1.0207539124573324,0.9976690631273748,0.0023857631498292184,0.0,8.27085152036284
1499.953108929031,13.856364542427912,1.0198648658261926,0.9969023434294273,0.0023877292108887716,0.0,8.291684705782927
1499.9739421139855,13.855770227454364,1.020423276680437,0.9975507539222109,0.002386627128646634,0.0,8.312517890737354
1499.9947752975431,13.850467488992084,1.0254192167926572,1.00253808327351,0.0023755486853634365,0.0,8.333351074295024
1500.0156084797036,13.852670203481608,1.0233409807510494,1.0006096802010855,0.0023801252891000936,0.0,8.354184256455483
1500.036441661398,13.852973501072489,1.0230551530285306,1.000433928998139,0.0023810361122492928,0.0,8.375017438149825
1500.0572748416955,13.853209971002016,1.0228323590976554,1.0003200633781222,0.00238168227051554,0.0,8.395850618447412
1500.0781080210609,13.854028882001264,1.0220611838674756,0.9996700822182564,0.002383098053018958,0.0,8.416683797812766
1500.098941199496,13.852861983310602,1.0231602381125302,1.000849688957334,0.0023810653114273075,0.0,8.437516976247935
1500.119774376534,13.857287232098347,1.0189985236762962,0.9968832242102754,0.0023903248148741123,0.0,8.458350153285892
1500.1406075531065,13.857825214785231,1.0184937346067293,0.9964941366942588,0.0023912800553981483,0.0,8.479183329858415
1500.1614407282818,13.858012481021069,1.0183180814051154,0.9964273024006103,0.002391385642758886,0.0,8.500016505033727
1500.182273902526,13.855497626243068,1.020679511614443,0.998843534862505,0.002387466494098439,0.0,8.520849679277944
1500.2031070753728,13.85408702075734,1.022006456232262,1.0002480926986517,0.002384528548418706,0.0,8.541682852124723
1500.223940247289,13.85396711260363,1.0221193323378661,1.0004648770623812,0.002382320153438962,0.0,8.56251602404086
1500.2447734182729,13.860803633842373,1.015703605522965,0.9942910135464954,0.0023970994758557435,0.0,8.583349195024766
1500.265606588327,13.853796250358172,1.0222801958568983,1.0008358847394656,0.002381864387759854,0.0,8.604182365078941
1500.2864397569836,13.857756359546393,1.0185583275094996,0.9972989238734252,0.002390679337987082,0.0,8.62501553373545
1500.307272925174,13.859492294255976,1.0169311016774338,0.9958126225666575,0.0023927006134625757,0.0,8.645848701925843
1500.328106091502,13.86229826553216,1.0143063431366668,0.9933493539580404,0.0023985751050882255,0.0,8.666681868253818
1500.348939257364,13.85837439164489,1.0179786999658778,0.9970535022564173,0.0023905700125855457,0.0,8.687515034115904
1500.3697724218296,13.855285062168864,1.0208793585330025,1.0000028095362075,0.002385815130320988,0.0,8.708348198581461
1500.3906055853624,13.855764489219377,1.0204286697436846,0.9996698622823672,0.0023854873087135256,0.0,8.729181362114332
1500.4114387479644,13.85557462926936,1.0206071251324393,0.9999535310258256,0.0023855386377194315,0.0,8.750014524716335
1500.4322719091701,13.855577492692127,1.0206044334787838,1.0000600370439148,0.0023858078392714494,0.0,8.770847685922035
1500.45310506991,13.856392666438474,1.0198384484343341,0.9994188320326376,0.0023878302555042216,0.0,8.791680846661848
1500.4739382287871,13.854728247100642,1.0214030463250667,1.0010619321105931,0.002385017387517177,0.0,8.812514005539015
1500.494771387199,13.854204839809615,1.021895558853567,1.001654819197803,0.0023842156328655936,0.0,8.833347163950975
1500.515604544214,13.854866414625949,1.0212730739142173,1.0011550803484983,0.002385534014167906,0.0,8.854180320965952
1500.536437700297,13.855528727635376,1.0206502742185564,1.00065519904836,0.0023900638081344556,0.0,8.875013477048924
1500.557270854983,13.852374449258836,1.0236197765033748,1.0036778008595573,0.002378918987362401,0.0,8.895846631734912
1500.578104008738,13.850980911951167,1.024934431163852,1.0050785625911562,0.0023774103587732628,0.0,8.916679785489805
1500.598937161562,13.856392773046174,1.0198383482970952,1.0001926697469288,0.0023884265571611323,0.0,8.93751293831383
1500.619770312989,13.852958919982996,1.0230688924238316,1.0034731020589485,0.0023812685423468824,0.0,8.958346089740871
1500.64060346395,13.855885130127795,1.0203152917408003,1.000884363331019,0.0023885373654878275,0.0,8.979179240701797
1500.661436613048,13.858466221765266,1.017892604325881,0.9986199682141274,0.0023924410864546823,0.0,9.00001238979985
1500.68226976168,13.862758532341944,1.0138764481009712,0.9947918654420532,0.0023992403609931746,0.0,9.020845538431786
1500.7031029089155,13.856667246272771,1.0195805665797173,1.000501557393679,0.0023887810455227396,0.0,9.04167868566742
1500.7239360547542,13.864250412167433,1.0124842654608295,0.9936505047961653,0.0024024955967760463,0.0,9.062511831506072
1500.744769200127,13.858073024657989,1.0182612987713693,0.9994334783006517,0.002391294523483727,0.0,9.083344976878834
1500.7656023436375,13.857477718139933,1.0188197620507646,1.0000953819034712,0.002390103412995983,0.0,9.104178120389406
1500.7864354866824,13.863620885429254,1.0130714898097566,0.9945661796415408,0.0024032642213922388,0.0,9.125011263434317
1500.80726862833,13.85888024707694,1.017504523907963,0.9990324615683188,0.00239442339769105,0.0,9.145844405081789
1500.828101769047,13.852156071312953,1.0238256814598226,1.0053541010997065,0.0023816916496299215,0.0,9.166677545798848
1500.8489349083661,13.860299696878652,1.0161751467620834,0.9979562745071799,0.002395582563759585,0.0,9.187510685118013
1500.8697680467544,13.853707161833892,1.0223640810310357,1.0041499302770416,0.0023811703185405587,0.0,9.208343823506311
1500.890601183746,13.862730782654792,1.0139023614984113,0.9959539890637482,0.002400818000607396,0.0,9.229176960497853
1500.911434319806,13.859105389884432,1.0172935517824164,0.9994008622953948,0.0023946942337644953,0.0,9.250010096557844
1500.932267454934,13.856427680897514,1.0198055596758775,1.0019849923566175,0.002387030759004262,0.0,9.27084323168583
1500.953100588666,13.861828641710016,1.0147451656175959,0.9971290565022499,0.0023986461456098665,0.0,9.29167636541797
1500.9739337214655,13.857841170639698,1.0184787670498558,1.000914603748728,0.0023898170935538515,0.0,9.312509498217423
1500.994766852868,13.858198609507182,1.018143525415679,1.0007021710484751,0.0023909446761962356,0.0,9.333342629619892
1501.01559998334,13.858239915733682,1.0181047914516612,1.000781428226668,0.0023904787235928,0.0,9.354175760091948
1501.0364331124151,13.86558712374686,1.0112385055294641,0.9941488132595881,0.0024059250177832455,0.0,9.37500888916702
1501.078099367771,13.861311166699446,1.0152289207126606,0.9983073039388952,0.00239671268859154,0.0,9.41667514452297
1501.0989324935858,13.85913117994901,1.0172693877592551,1.0004322114293567,0.0023918619411460056,0.0,9.43750827033773
1501.119765618005,13.865598764966906,1.0112276631288872,0.9946085359728554,0.002407530234722619,0.0,9.458341394756872
1501.1405987414919,13.859835264819083,1.016609916522486,1.0000213183074618,0.00239359118546034,0.0,9.47917451824378
1501.1614318640475,13.864283806700362,1.0124531244534445,0.9960511568786182,0.0024034538990037003,0.0,9.500007640799367
1501.182264985206,13.86036054322965,1.0161182003170102,0.9997763952554197,0.0023943169407217133,0.0,9.52084076195797
1501.2030981049688,13.86279892307625,1.0138387313403567,0.9976531605398131,0.002401291634079158,0.0,9.541673881720726
1501.2239312237984,13.863216263577698,1.0134491020239387,0.9973895852768395,0.0024007719693967967,0.0,9.56250700055034
1501.244764341697,13.854841676319241,1.0212963437050293,1.0052335458756885,0.0023841595980634636,0.0,9.58334011844886
1501.265597458199,13.860814572470895,1.0156933725138668,0.9998394089047108,0.002396105994290445,0.0,9.60417323495085
1501.286430573304,13.857746393592823,1.0185676768814231,1.0027902087335234,0.0023898883724045154,0.0,9.625006350055855
1501.307263687478,13.863679909426176,1.0130164175897018,0.997445942643737,0.00240218234393293,0.0,9.645839464229994
1501.328096800255,13.86011265128935,1.0163502237757707,1.000850217212612,0.0023951160043857826,0.0,9.66667257700692
1501.3489299121,13.858170767802738,1.0181696341651576,1.0027641165200465,0.002390165393600033,0.0,9.687505688851843
1501.369763022549,13.86448490362606,1.0122656181735596,0.9970712654693832,0.002404413601096733,0.0,9.708338799300918
1501.3905961316004,13.862468555617681,1.0141472687976005,0.9990470392729269,0.0024002630180874496,0.0,9.729171908352328
1501.4114292397205,13.862651407746238,1.0139764875602586,0.9990014547746277,0.0023997215892044973,0.0,9.750005016472414
1501.4322623469095,13.858869486754266,1.017514608062111,1.0026107125417774,0.0023926470631499587,0.0,9.770838123661406
1501.5155947621595,13.86356740621037,1.0131213910712613,0.998776351809753,0.002401078685363612,0.0,9.854170538911376
1501.536427862829,13.865121182469446,1.011672569417063,0.9974722635360841,0.0024055589935083927,0.0,9.875003639580882
1501.557260962567,13.866134960832188,1.0107283869478751,0.9966657450731495,0.002405728900877714,0.0,9.895836739318838
1501.5780940609088,13.865334954034818,1.0114733999145886,0.9975252033689005,0.002405194447725017,0.0,9.91666983766072
1501.598927157853,13.864409103229963,1.0123362917063983,0.9985014220799255,0.0024031073604398796,0.0,9.937502934604936
1501.619760253866,13.863222627624413,1.013443161705749,0.9997188376743621,0.002400553378045764,0.0,9.95833603061783
1501.640593348482,13.863950232474219,1.01276423147189,0.9991749991983386,0.002402850149909135,0.0,9.979169125233966
1501.661426441701,13.860404402487934,1.0160771541676172,1.0025700890890537,0.002394777546820496,0.0,10.000002218452892
1501.682259533523,13.861848343923935,1.014726751803225,1.001364400020866,0.002396897300571588,0.0,10.020835310274833
1501.7239257139065,13.866225054513624,1.0106445208458157,0.9975893577380408,0.00240698438114689,0.0,10.062501490658406
1501.7447588024688,13.85871201178332,1.0176621988887675,1.0046444475145453,0.002395355611583773,0.0,10.083334579220718
1501.7655918891685,13.86289248104617,1.013751372545007,1.0009115302737739,0.002400082303155178,0.0,10.104167665920386
1501.7864249749368,13.864300739264703,1.0124373348961684,0.9997421633195112,0.0024027920262602817,0.0,10.12500075168873
1501.8072580593084,13.865202869656073,1.0115964573956602,0.9990400616918719,0.002403402605644344,0.0,10.14583383606032
1501.828091142283,13.865463854365702,1.0113533233101164,0.998928457491844,0.002404069084950358,0.0,10.166666919034924
1501.8905903842215,13.865244469665615,1.0115576987948938,0.9995178040239482,0.0024041987002269023,0.0,10.229166160973364
1501.953089614052,13.865516215321273,1.01130455073599,0.9996578600000713,0.002405137889150337,0.0,10.291665390803928
1501.973922687713,13.865930761991667,1.010918496638675,0.9994068903117068,0.0024066289625955194,0.0,10.312498464464852
1502.036421901712,13.86103082199437,1.0154910937883568,1.0043229909663491,0.0023962644788221893,0.0,10.374997678463842
1502.057254970251,13.861116924536312,1.0154105651137093,1.004375824156599,0.002396109721568001,0.0,10.395830747002947
1502.0780880373932,13.863144877808013,1.0135157371994479,1.0026341311983031,0.0024027462199188105,0.0,10.416663814145068
1502.098921103138,13.865255862822933,1.0115470840843594,1.0008192143649461,0.002404584308907059,0.0,10.437496879889977
1502.119754167951,13.863347384846213,1.0133267180530285,1.0027131224662604,0.0024008538732659735,0.0,10.458329944702882
1502.1405872309015,13.866487371977541,1.0104003752758746,0.9999505076664623,0.0024060659244855027,0.0,10.47916300765337
1502.1614202929209,13.866319976465878,1.010556167747571,1.0002381011892916,0.002407826064082913,0.0,10.499996069672761
1502.182253353079,13.863966563569837,1.0127489980984048,1.0025425591855015,0.0024010185180390066,0.0,10.520829129830872
1502.223919469668,13.862414407347494,1.0141978480169902,1.00424617337899,0.0023976438857703933,0.0,10.562495246419985
1502.307251686081,13.86415903863211,1.012569477835081,1.0031754409555014,0.002400893202396803,0.0,10.645827462832813
1504.9530517630415,13.893270945976456,0.9857801510057426,1.0027799501790096,0.0025134131625830555,1.0,13.291627539793353
1504.973884937285,13.893612305865666,0.9854702664243827,1.0025414874960392,0.0025040344278969592,1.0,13.312460714036888
1505.01555128391,13.895449460751305,0.9838041797217184,1.0009989010289333,0.002489755840724389,1.0,13.354127060661995
1505.0363844562914,13.903738196790824,0.9763222097606347,0.9934613159271329,0.0025011492588812695,1.0,13.374960233043339
1505.057217627276,13.899604063294099,0.9800468165834234,0.9973264494689686,0.002488033244304731,1.0,13.395793404027927
1505.0780507977954,13.898438794668369,0.981099218500106,0.9984723332213313,0.0024826311195984903,1.0,13.416626574547308
1505.0988839669167,13.896885710288512,0.9825036298011977,0.999976352209324,0.00247795665833226,1.0,13.437459743668569
1505.119717135572,13.899655359407332,0.9800005149083965,0.9975029779288619,0.0024832478143122522,1.0,13.458292912323941
1505.140550303297,13.893435896477763,0.9856303977064403,1.0033077982006204,0.0024709701508294764,1.0,13.4791260800489
1505.161383469625,13.895156672122184,0.9840695162904554,1.0017929037847302,0.0024741291309625813,1.0,13.499959246376875
1505.182216635487,13.895766914903083,0.9835165711234932,1.001303651515434,0.002475263526403488,1.0,13.520792412238961
1505.203049800417,13.899566085273545,0.9800810982891954,0.997879156201977,0.0024824284865397938,1.0,13.541625577168816
1505.2238829639505,13.89291230719278,0.9861058262383144,1.004086564253881,0.0024698010870476167,1.0,13.562458740702368
1505.2447161270188,13.903869660122327,0.9762040016732733,0.9940764444918196,0.0024910432041324137,1.0,13.583291903770714
1505.26554928869,13.893916318611856,0.985194367379752,1.0033040456845066,0.0024677847844466207,1.0,13.604125065441849
1505.2863824498954,13.89217224208528,0.9867782099045159,1.00498947727602,0.0024643192921672426,1.0,13.624958226647323
1505.307215609704,13.899960647651104,0.9797249962543167,0.9978777747427837,0.00248202026687133,1.0,13.645791386455812
1505.328048768581,13.896953623843626,0.9824421754375079,1.0007169019843984,0.002473044057097732,1.0,13.66662454533298
1505.348881926526,13.90228801546131,0.9776271217667544,0.9958832611428927,0.002485326206705887,1.0,13.687457703277914
1505.369715083541,13.900670078778628,0.9790850430321419,0.9974392210176982,0.002480369163599342,1.0,13.708290860292891
1505.3905482391585,13.899079358100435,0.980520559588528,0.9989722952470881,0.0024780317317812093,1.0,13.729124015910429
1505.4113813943104,13.90622953991539,0.9740844976040526,0.9924850342241981,0.0024936902758240526,1.0,13.749957171062306
1505.4322145480646,13.905748831799954,0.9745158675767378,0.9929942354773832,0.00249165401541452,1.0,13.770790324816517
1505.453047700888,13.901055108755092,0.9787378958573143,0.997366040165639,0.0024813731584869612,1.0,13.79162347763986
1505.4738808527804,13.893481807854773,0.9855887202788652,1.0044171986928987,0.0024663304309720992,1.0,13.812456629532335
1505.4947140032755,13.897159248412384,0.9822561310562694,1.0010903894349765,0.0024741774554189423,1.0,13.833289780027371
1505.5155471533055,13.899694080835468,0.9799655650350401,0.9988249266076178,0.0024790774968965574,1.0,13.854122930057429
1505.5363803019382,13.895190643280522,0.9840387266214508,1.0030455275394692,0.002470440727076911,1.0,13.874956078690047
1505.5572134496385,13.90076411988085,0.9790002431987942,0.9979781676418789,0.0024803580593409954,1.0,13.895789226390434
1505.5780465959424,13.901514754675116,0.9783236353165562,0.9973565847950571,0.002481402882375705,1.0,13.916622372694292
1505.5988797417815,13.89734741697616,0.9820859113388376,1.0012602046546935,0.0024729249085625794,1.0,13.937455518533397
1505.6197128862232,13.891677757702883,0.9872277275155449,1.0065706641665804,0.0024622510219973583,1.0,13.958288662975065
1505.640546029734,13.897046806712503,0.9823578613549157,1.0016730497773083,0.002470760661606816,1.0,13.979121806485864
1505.661379172312,13.892094976973127,0.9868484352886177,1.0063196459603525,0.0024625679552347512,1.0,13.999954949063977
1505.6822123134934,13.897104390800134,0.9823057615162504,1.0017545124437834,0.0024715715007950986,1.0,14.020788090245333
1505.7030454537444,13.89824922922734,0.9812705296732072,1.0007656395372668,0.0024746341080215425,1.0,14.041621230496276
1505.723878593064,13.901213290727684,0.9785953129600665,0.9981037054262414,0.002480108406113549,1.0,14.062454369815896
1505.7447117314518,13.900352307151117,0.9793716420978611,0.9989617550876856,0.002477856969505049,1.0,14.083287508203739
1505.7655448689084,13.898254280346084,0.9812659645657594,1.000960102868425,0.002472844101805777,1.0,14.10412064566026
1505.7863780049674,13.90244898714949,0.9774821891190305,0.9971660291534467,0.0024833171050904516,1.0,14.124953781719341
1505.8072111400961,13.893632742375031,0.9854517173673458,1.005361983700298,0.0024624914797644467,1.0,14.14578691684801
1505.8280442742935,13.904486259373158,0.9756497641282292,0.9954270434162197,0.0024880092880394363,1.0,14.166620051045356
1505.8488774070934,13.903055599239629,0.9769362122070515,0.9968044776675952,0.0024825053946596937,1.0,14.187453183845264
1505.869710538962,13.907856969911553,0.9726255181270956,0.9924705100426267,0.002496512414792913,1.0,14.208286315713849
1505.890543669899,13.898107941454544,0.981398231547935,1.001486964930036,0.002471876295523965,1.0,14.229119446650884
1505.9113767999052,13.902335422939718,0.9775844356845962,0.9976593726136269,0.0024823267891950222,1.0,14.249952576657051
1505.9322099285146,13.900892039907411,0.9788849054589129,0.9990506793979842,0.0024792589166564745,1.0,14.270785705266462
1505.9530430566579,13.894119627041022,0.9850099030815013,1.005366165855889,0.0024640503235543775,1.0,14.291618833409757
1505.9738761834046,13.903565832304361,0.9764772166896312,0.9967206747654404,0.002483907744597841,1.0,14.312451960156523
1505.994709308753,13.903677808271528,0.9763765141966585,0.9966811921660793,0.002486150328379144,1.0,14.33328508550494
1506.015542433638,13.90458806223856,0.9755582876859545,0.995908988194993,0.002485973790118179,1.0,14.35411821038997
1506.036375557125,13.899599991566738,0.980050491961387,1.0005580156357519,0.0024747080675730938,1.0,14.37495133387688
1506.0572086796806,13.89917919168336,0.9804304047425756,1.0010088021433194,0.002473003335074876,1.0,14.395784456432466
1506.0780418013046,13.906094758647033,0.9742054261433988,0.9947154805917995,0.0024908626830702414,1.0,14.416617578056503
1506.098874921531,13.898976481346931,0.980613471246646,1.001320948780533,0.0024726579530758054,1.0,14.437450698282873
1506.119708041293,13.895217527045688,0.9840143612752406,1.0048561764352943,0.002464886779982412,1.0,14.458283818044947
1506.1405411596575,13.90024069201039,0.9794723279938605,1.000279967674474,0.0024751748321755634,1.0,14.479116936409355
1506.1613742766249,13.902490856190324,0.977444495384211,0.9982707504723788,0.0024803277740913054,1.0,14.499950053376779
1506.1822073931264,13.901686862395001,0.9781685666130978,0.9990717867299213,0.0024770448973824794,1.0,14.520783169878314
1506.203040508231,13.904410781377484,0.9757175915139813,0.9966296179094412,0.002485487265248269,1.0,14.541616284982865
1506.2238736224049,13.89857854360455,0.9809729458861413,1.002058920517581,0.0024716342081514747,1.0,14.562449399156776
1506.2447067356475,13.90605958864529,0.9742369838655461,0.9952388650776531,0.002487823309576572,1.0,14.583282512399364
1506.265539847958,13.900783013998284,0.978983206662169,1.000148199492214,0.0024761914374560137,1.0,14.604115624709948
1506.2863729588714,13.894680386150501,0.9845012982666352,1.0058465326289157,0.0024625242591259948,1.0,14.62494873562332
1506.3072060693198,13.89391863725979,0.9851922634465557,1.00661327252384,0.002461705684834791,1.0,14.645781846071714
1506.3280391783715,13.896771130488863,0.982607320742793,1.0040325688547413,0.0024683392303271917,1.0,14.66661495512335
1506.348872286026,13.900728333573987,0.9790325119767509,1.0004398484386992,0.0024773923353934814,1.0,14.687448062778003
1506.3697053932146,13.892885427868015,0.9861302393386093,1.007753055951893,0.002458028611902406,1.0,14.70828116996654
1506.3905384990055,13.897288004196875,0.9821396537209299,1.0037348224595581,0.0024669912758369245,1.0,14.72911427575741
1506.411371603866,13.896294255955596,0.983038994039564,1.0047136619763402,0.002468717843716652,1.0,14.749947380617868
1506.4322047077949,13.904989286938042,0.9751978449141612,0.9967586941038341,0.002484516994040269,1.0,14.770780484546776
1506.453037810793,13.896900658025956,0.9824901033984342,1.0042715082818299,0.0024668882996824806,1.0,14.791613587544816
1506.473870912859,13.90117382606062,0.9786308838841444,1.000385650778258,0.0024753628400882082,1.0,14.812446689610852
1506.494704013528,13.899980697324477,0.9797069043967231,1.0015443992456552,0.002473933918390705,1.0,14.833279790279903
1506.5155371132664,13.901714135960093,0.9781439954429714,1.000005194077266,0.0024776281808604776,1.0,14.854112890018314
1506.5363702120735,13.899241451880025,0.9803741847884102,1.0023437293882191,0.002472094897550268,1.0,14.874945988825402
1506.5572033099484,13.907961351894832,0.9725320150275143,0.9943836866729897,0.0024921694215996317,1.0,14.895779086700259
1506.578036406892,13.900170478904094,0.9795356712056977,1.0016028200489164,0.002474045884204118,1.0,14.916612183643792
1506.598869502439,13.895734688343829,0.9835457640575686,1.0057614367001608,0.00246548392557411,1.0,14.937445279190797
1506.6197025970555,13.902467197697057,0.9774657944031292,0.9996017962704833,0.0024796116312093956,1.0,14.958278373807389
1506.6405356907399,13.899629299282289,0.9800240374199843,1.0022756213210082,0.0024733112877104633,1.0,14.979111467491748
1506.661368783493,13.908141405515023,0.9723707480544337,0.9945055999509885,0.0024908083616202005,1.0,14.999944560244785
1506.6822018753141,13.893603874315122,0.9854779193649302,1.0079687857372541,0.0024616297361754833,1.0,15.020777652066045
1506.7030349657396,13.904696363698017,0.9754609812531602,0.9977801406889193,0.002484402427666303,1.0,15.041610742491457
1506.7238680556989,13.904768267243572,0.9753963828909219,0.997770807997534,0.002485105209882962,1.0,15.062443832450754
1506.7447011442605,13.899160831019483,0.9804469847417008,1.0029941480370994,0.0024717008435367303,1.0,15.083276921012384
1506.765534231891,13.899412250353215,0.9802199730717199,1.0028186338168115,0.002472282304118006,1.0,15.10411000864292
1506.786367318591,13.899131465618852,0.9804735027925241,1.00313459076308,0.002473513594923607,1.0,15.124943095342815
1506.807200404359,13.899023440391264,0.9805710597700292,1.0032908416658115,0.0024720224198679437,1.0,15.145776181110932
1506.828033488731,13.900862976339777,0.9789111091245127,1.0016486271367988,0.002475828705669955,1.0,15.166609265482975
1506.8488665721704,13.903536285542806,0.9765037904853124,0.9992413072703272,0.002481642199584991,1.0,15.187442348922332
1506.869699655144,13.900634809476553,0.9791168483701814,1.0019711303487062,0.0024759111692588443,1.0,15.2082754318958
1506.890532736722,13.905571603887394,0.9746749536503854,0.9974810810431072,0.0024865509299056843,1.0,15.229108513473875
1506.911365817368,13.899466344746752,0.9801711370065198,1.0031615685086044,0.002472700550383598,1.0,15.249941594119946
1506.9321988966165,13.90633399955245,0.9739907845843083,0.996891465286904,0.0024874186892402546,1.0,15.27077467336835
1506.953031975399,13.905314938211513,0.9749053919246906,0.9978827064977405,0.0024847713950825003,1.0,15.291607752150867
1506.9738650532515,13.905712914164809,0.9745481064246184,0.9975719761942557,0.002484761224724038,1.0,15.312440830003425
1506.994698129707,13.9048853017111,0.9752912479203052,0.9983875609725671,0.0024838569158180794,1.0,15.333273906458999
1507.0155312052307,13.900015294646854,0.9796756862284213,1.002930832124892,0.002476263456263827,1.0,15.354106981982568
1507.0363642798225,13.906036499865884,0.9742577017727913,0.9974388087775217,0.0024863148690609984,1.0,15.37494005657436
1507.057197353484,13.903843248722808,0.9762277489033865,0.9995102857779254,0.002481996511595694,1.0,15.395773130235966
1507.078030426214,13.906555504222823,0.9737920977384988,0.997070840772166,0.0024874361028879373,1.0,15.416606202965795
1507.0988634980126,13.901426986508929,0.9784027237191625,1.001846114455566,0.0024763788589965657,1.0,15.437439274764529
1507.1196965684135,13.898671120654138,0.9808893052108097,1.0044467233231602,0.002469796614837532,1.0,15.45827234516537
1507.1405296383484,13.899606607791902,0.980044519778694,1.003635929711635,0.002473570471282266,1.0,15.479105415100321
1507.161362706888,13.89835735434583,0.9811728128347005,1.0048456082274608,0.002468943899496209,1.0,15.49993848363988
1507.1821957744955,13.900576807635348,0.9791691558244799,1.002847608153021,0.0024767398873613267,1.0,15.520771551247435
1507.203028841171,13.902309929232409,0.9776073901959788,1.0013018752684832,0.002478151315782474,1.0,15.541604617922985
1507.2238619069155,13.895713477094164,0.9835649790735681,1.0074578747445415,0.0024652664738254006,1.0,15.56243768366744
1507.2446949717291,13.89646579484104,0.9828836928787459,1.006813906088685,0.0024654691659672994,1.0,15.583270748481027
1507.2655280356116,13.902192128678681,0.9777134647093769,1.0015712748029846,0.002479154211504773,1.0,15.604103812363519
1507.2863610985619,13.895635003420473,0.9836360706944064,1.0076920953894903,0.0024628803119461935,1.0,15.624936875313779
1507.307194160115,13.903979755576906,0.9761050179846608,1.0000300396710977,0.0024806107350341163,1.0,15.645769936866827
1507.3280272212041,13.90559060026081,0.9746579005878416,0.9986004495762734,0.0024838754519451544,1.0,15.666602997956034
1507.348860280895,13.908338517659772,0.9721942330909915,0.9961290250341056,0.0024901648140722996,1.0,15.687436057646892
1507.3696933396545,13.912307717154361,0.968646605287209,0.9925465297609436,0.0025001233315518467,1.0,15.708269116406427
1507.390526397483,13.908048268344956,0.9724541640295494,0.9965006171143778,0.0024893210360808645,1.0,15.729102174234868
1507.41135945438,13.90765827573583,0.9728035288713934,0.9969111279330953,0.002487751286527095,1.0,15.749935231131985
1507.4321925103466,13.900037032070884,0.9796560724285573,1.0039862717860384,0.0024728918489277,1.0,15.770768287098463
1507.4530255653806,13.909275738061076,0.9713553855733003,0.9955316791382939,0.002491797609077068,1.0,15.79160134213248
1507.4738586194835,13.905314331179595,0.9749059369915792,0.9992229482745943,0.002483798552034574,1.0,15.812434396235403
1507.4946916726556,13.91318440823082,0.9678647753421566,0.9920580418096254,0.002500463760401265,1.0,15.833267449407458
1507.5155247244306,13.908154495692,0.9723590247385936,0.9967166698348044,0.002489900405632095,1.0,15.85410050118253
1507.5363577757394,13.90907346959437,0.9715363621917188,0.9959253100424071,0.002492432539982704,1.0,15.874933552491257
1507.5571908256516,13.907349484644374,0.9730802404548773,0.9975598563046029,0.002487596762892368,1.0,15.895766602403455
1507.578023875098,13.902120015734775,0.9777784051041275,1.0024282935086086,0.002477936502099497,1.0,15.916599651849992
1507.598856923148,13.904999558370552,0.9751886192556415,0.9998250844427136,0.0024862130427288336,1.0,15.9374326999
1507.6196899702659,13.904151605733128,0.9759505324617834,1.000658075718075,0.0024813759563862762,1.0,15.958265747017776
1507.640523016453,13.902661398999852,0.9772909746317509,1.0020842791640439,0.0024778078634238826,1.0,15.979098793204912
1507.6613560617088,13.910726205754315,0.9700585890686471,0.994719782559624,0.002495103086155061,1.0,15.999931838460725
1507.682189106033,13.906579918761231,0.9737702006909811,0.9985772483681155,0.0024861615671972325,1.0,16.020764882784988
1507.703022149426,13.911845298998402,0.9690592425132021,0.9937974558422402,0.0024974599955428687,1.0,16.04159792617793
1507.723855191887,13.906893658408544,0.973488855939499,0.9983914942992511,0.0024857488833268317,1.0,16.062430968638864
1507.744688233418,13.908996742900188,0.9716050210491601,0.9965106505277316,0.002490188015585266,1.0,16.08326401016984
1507.7655212735515,13.910440758925617,0.970313657057783,0.995237234502357,0.00249470367129018,1.0,16.10409705030338
1507.786354313219,13.910589657856086,0.9701805964132165,0.9951517378727766,0.0024951981897714786,1.0,16.124930089970803
1507.807187351955,13.91212853420024,0.9688064777150474,0.9937931016022278,0.00249850403633502,1.0,16.145763128706903
1507.8280203892946,13.907354627555657,0.9730756311828704,0.9982233781744303,0.0024869066683106513,1.0,16.166596166046475
1507.8488534261685,13.905145225397241,0.975057792543569,1.000307830451605,0.002483913394014876,1.0,16.187429202920384
1507.8905194961899,13.899546385147566,0.9800988815188475,1.0055819594323896,0.002470593332578983,1.0,16.229095272941777
1507.91135253027,13.903628834828517,0.9764205558319969,1.0018589746662685,0.00247934742904623,1.0,16.249928307021946
1507.9321855629541,13.900123502011178,0.979578054003316,1.005149829582254,0.002472799380233971,1.0,16.27076133970604
1507.9530185947046,13.909230067081552,0.9713962460371915,0.9968050585470938,0.002490797840597946,1.0,16.29159437145654
1507.9738516255245,13.90630358411303,0.974018070008266,0.9995461755853462,0.0024847310812432075,1.0,16.3124274022764
1507.994684655414,13.898648043214525,0.9809101543398884,1.006669924690808,0.0024703990452160014,1.0,16.333260432165844
1508.0155176843714,13.902812190821917,0.977155253585463,1.002867209349504,0.0024779844067367956,1.0,16.354093461123284
1508.0363507123975,13.902319493547603,0.9775987784319128,1.0033731816229365,0.00247635107043625,1.0,16.374926489149402
1508.0571837394918,13.904694096172937,0.9754630184741164,1.001231740979839,0.002482963406757889,1.0,16.395759516243743
1508.078016765656,13.906150102108795,0.9741557690292633,0.9999404834925507,0.0024838292260638203,1.0,16.416592542407898
1508.0988497908875,13.911628259237474,0.9692529777951508,0.9949581590505056,0.0024961023941957633,1.0,16.437425567639366
1508.119682815188,13.90624794671009,0.974067983812483,0.9999513176278753,0.0024844491427163024,1.0,16.458258591939966
1508.140515838558,13.90639543634446,0.9739356725082623,0.9998659094063448,0.0024838101596818605,1.0,16.479091615309926
1508.161348860531,13.906101426078271,0.9741994436333575,1.0001871078217677,0.0024837452852386824,1.0,16.499924637282902
1508.182181882037,13.90960925298368,0.9710570518133211,0.9970111058370662,0.002491957637405259,1.0,16.520757658788852
1508.2030149026125,13.908611975172679,0.9719494035097076,0.9979775459839586,0.002488792807462561,1.0,16.54159067936439
1508.2238479217908,13.905060826999007,0.9751335904345154,1.001297383472271,0.002482680030688356,1.0,16.562423698542716
1508.2446809405046,13.904840626654817,0.9753313792962637,1.0015508491245504,0.002483214141446048,1.0,16.583256717256518
1508.265513958286,13.904374132748899,0.9757505270603662,1.002031637613937,0.0024812241613376344,1.0,16.60408973503786
1508.2863469746699,13.900717156810813,0.9790425903648505,1.0054628962542298,0.002473535815472551,1.0,16.624922751421764
1508.3071799905895,13.908597994699404,0.9719619188887533,0.9982412925830163,0.0024892496316426056,1.0,16.64575576734137
1508.328013005111,13.90604158603832,0.9742531378363205,1.0006447112872703,0.0024849622002892143,1.0,16.666588781862856
1508.348846019167,13.900765364499359,0.9789991209362058,1.0055697431227544,0.0024719785890168744,1.0,16.687421795918908
1508.3696790318265,13.904615578644975,0.9755335638920425,1.0020604255049468,0.0024810349623886185,1.0,16.70825480857843
1508.3905120440209,13.907020646927904,0.9733750026124077,0.9998933463338793,0.0024862759726486145,1.0,16.729087820772747
1508.411345054817,13.906886903840652,0.9734949122144892,1.000066701397437,0.002485062687402728,1.0,16.749920831568943
1508.432178064682,13.906610311974788,0.9737429421439266,1.000371689283243,0.0024871507123550747,1.0,16.770753841433816
1508.453011074082,13.909614234681365,0.9710525963097207,0.9976578186358593,0.0024928611969164687,1.0,16.791586850833937
1508.4738440820852,13.912625031556978,0.9683635525465768,0.9949450085821793,0.0024984240044196872,1.0,16.812419858837075
1508.494677089156,13.914649748346033,0.9665593989074023,0.9931411492690854,0.0025006802969872763,1.0,16.83325286590798
1508.5155100957609,13.912383963602933,0.9685785839114573,0.9952657907500027,0.002499468592390965,1.0,16.85408587251277
1508.5363431009705,13.910426479861513,0.9703264182256973,0.9971118049937986,0.002492128447283972,1.0,16.874918877722394
1508.5571761052474,13.904859637502812,0.9753143017463147,1.002287663340036,0.0024802593635220283,1.0,16.89575188199933
1508.578009109059,13.914057856738376,0.967086464655722,0.9938821485203708,0.0025004439921830165,1.0,16.916584885810835
1508.598842111474,13.905322698384197,0.9748984239271947,1.0019608450283277,0.0024824415345825073,1.0,16.93741788822581
1508.619675112958,13.907538252889038,0.9729110735053289,0.9999685243844145,0.0024858205279961404,1.0,16.958250889709916
1508.6405081135094,13.907669750620322,0.9727932475994873,0.9998976278225177,0.0024870212377914574,1.0,16.979083890261336
1508.6613411135954,13.909883434586906,0.9708118611644999,0.997911156105709,0.0024919092189041895,1.0,16.999916890347322
1508.6821741122856,13.906257435702397,0.9740594708024415,1.0012997272362,0.0024850844786864453,1.0,17.02074988903746
1508.7030071100435,13.908354127216292,0.972180256020248,0.9994181902578236,0.00248741493154289,1.0,17.041582886795368
1508.7238401068698,13.903338802933263,0.9766814211610522,1.00409595292614,0.00247812755111083,1.0,17.062415883621725
1508.7446731027655,13.903570770029297,0.9764727758642092,1.0039319518056216,0.0024777383176760605,1.0,17.08324887951744
1508.765506098196,13.909968390768086,0.9707359005017707,0.9980839813828513,0.002491923860444815,1.0,17.10408187494795
1508.7863390922284,13.906601550062149,0.9737508003004292,1.0012342333607684,0.0024839962010067846,1.0,17.12491486898034
1508.8071720853295,13.909167969748317,0.9714518054273604,0.998920676990578,0.002489481320868191,1.0,17.145747862081407
1508.8280050775,13.908443027241804,0.9721006572088917,0.9996382674810879,0.0024882215165915786,1.0,17.166580854251833
1508.8488380687386,13.907387103195024,0.9730465257882757,1.0006614053880227,0.0024855821281133898,1.0,17.187413845490482
1508.869671059046,13.91019916356723,0.970529592897703,0.9981234225475785,0.002492417627338262,1.0,17.20824683579781
1508.890504048888,13.909017718888657,0.9715862502107551,0.99926059522306,0.0024877027513304883,1.0,17.22907982563993
1508.9113370373339,13.915812486416623,0.9655248438837541,0.9930767350729695,0.00250286442267508,1.0,17.249912814085747
1508.9321700248474,13.913147582376833,0.9678976038056463,0.9955675653703583,0.002497359069301036,1.0,17.270745801599332
1508.953003011429,13.912031828567018,0.968892772356428,0.9966416406981822,0.002495266005894991,1.0,17.291578788180914
1508.9738359970804,13.91233750801303,0.9686200275438279,0.9964115727061646,0.0024955876425867677,1.0,17.31241177383231
1508.9946689822655,13.911194133180512,0.9696406061212364,0.9975120221579642,0.0024953382606990033,1.0,17.33324475901736
1509.0155019660535,13.907901892542869,0.9725852763137735,1.0005921255108894,0.0024879996100861407,1.0,17.35407774280543
1509.036334948911,13.905986388478134,0.9743026689866747,1.0024099049649844,0.0024836790582036133,1.0,17.374910725662858
1509.0571679308364,13.90618730376714,0.974122391134084,1.0022754021877158,0.0024833771103344696,1.0,17.39574370758828
1509.07800091183,13.907167408947643,0.9732434376649242,1.0014220309601214,0.0024856815970821134,1.0,17.416576688581927
1509.098833892359,13.908943251322372,0.9716528908407971,0.9998363907306271,0.002492093817579487,1.0,17.43740966911082
1509.119666871491,13.906789948591392,0.9735818483006653,1.001872417098694,0.0024865141955902437,1.0,17.45824264824296
1509.1404998496914,13.902454913107718,0.9774768540267784,1.0059319882815463,0.0024736852204785185,1.0,17.47907562644332
1509.16133282696,13.904463850915054,0.9756699007252992,1.0041237842458859,0.002479933228116415,1.0,17.4999086037119
1509.182165803298,13.905859653358128,0.9744164034021484,1.0028850803492324,0.002483561437057251,1.0,17.520741580049844
1509.20299877917,13.912907273576343,0.9681118547935017,0.9964474206378598,0.0024973966304165885,1.0,17.541574555921898
1509.2238317536444,13.904867059506248,0.9753076346007181,1.0039053444442474,0.002480167199615362,1.0,17.562407530396285
1509.244664727189,13.908494661213986,0.9720544284614512,1.000608178354024,0.0024916849833662613,1.0,17.583240503940942
1509.2654976998006,13.912739671618196,0.9682613109561564,0.9967549400090654,0.0024971901479264287,1.0,17.604073476552458
1509.2863306719469,13.91035590367565,0.9703894944712484,0.9989972380348917,0.0024911730694870764,1.0,17.624906448698766
1509.307163642697,13.915120613895485,0.9661403092188835,0.9946741209030134,0.0025009156784508626,1.0,17.645739419449
1509.327996612516,13.913091985695337,0.9679471676613476,0.9965858531332522,0.0024964439510579556,1.0,17.666572389267913
1509.3488295818684,13.904788559955325,0.9753781526315025,1.004288684550483,0.002479576053627177,1.0,17.687405358620254
1509.3696625498242,13.911171830093306,0.9696605245885609,0.9984533462699633,0.0024921495466716467,1.0,17.708238326576065
1509.3904955168491,13.91124088706512,0.969598852434907,0.9984416849441621,0.00249361752105141,1.0,17.72907129360101
1509.4113284834075,13.90605930350739,0.9742372397213612,1.003270226782082,0.0024817285035054785,1.0,17.749904260159383
1509.4321614485689,13.915545525508307,0.9657622764014292,0.9945945116853688,0.00250347829616904,1.0,17.770737225320772
1509.4529944132655,13.903543941202289,0.9764969050612886,1.0057020898356945,0.0024787897427228935,1.0,17.79157019001741
1509.4738273765645,13.911070836955505,0.9697507247801723,0.9988063460405263,0.0024943342541996322,1.0,17.81240315331638
1509.4946603389321,13.914155642491124,0.9669993688961099,0.9960247006325511,0.0025061520192912867,1.0,17.83323611568403
1509.5154933008346,13.90365227864098,0.9763994726506867,1.0057597053823268,0.002479997250499831,1.0,17.854069077586473
1509.5363262613391,13.906414240506361,0.973918804796387,1.0032571557160086,0.0024896093816957976,1.0,17.874902038091022
1509.5571592213785,13.907856164321803,0.9726262397917455,1.0019783938813704,0.002491022346991205,1.0,17.895734998130365
1509.5779921800215,13.898764188874923,0.9808052279648753,1.0104574949927536,0.0024665706105505493,1.0,17.916567956773406
1509.598825138198,13.906212570325145,0.9740997222450776,1.003602288432191,0.0024841214334764116,1.0,17.937400914949876
1509.6196580949781,13.91115775489499,0.969673095093798,0.9990944791559138,0.0024934375485520135,1.0,17.958233871730044
1509.640491051292,13.908932097954713,0.9716628723239095,1.0011977313154405,0.0024892603628374702,1.0,17.97906682804387
1509.6613240062102,13.91504710263042,0.9662057252936478,0.9956276191214413,0.0025012344416604293,1.0,17.999899782962075
1509.6821569606614,13.917802346268486,0.9637569193951502,0.9931571313362361,0.002507497371695216,1.0,18.020732737413255
1509.702989914181,13.92256161935018,0.9595415823314787,0.9888659677777886,0.0025178948218912206,1.0,18.041565690932885
1509.723822866305,13.902623485495923,0.9773251018644822,1.0072468249742876,0.0024763040180224064,1.0,18.062398643056895
1509.7446558179624,13.916848377093551,0.9646040850464267,0.9941896149348064,0.0025046360251041754,1.0,18.083231594714334
1509.765488768688,13.90684704377723,0.9735306522782988,1.0034438540695474,0.002482904422893588,1.0,18.104064545439996
1509.786321718018,13.904726134294608,0.9754342347404211,1.0054600362190436,0.002478875468765794,1.0,18.12489749476981
1509.8071546668816,13.90963051241145,0.9710380380648138,1.000982502989058,0.002491189549014202,1.0,18.14573044363351
1509.8279876148135,13.906251624885861,0.9740646839435327,1.0041567625518386,0.0024817375772238554,1.0,18.166563391565433
1509.848820561349,13.912064631346627,0.9688635001484756,0.9988490116867405,0.002497217610776681,1.0,18.187396338100825
1509.8696535074184,13.908758091881293,0.9718186088550751,1.001949985722312,0.00248788457200826,1.0,18.20822928417033
1509.890486452557,13.906839410855927,0.9735374963983936,1.0037768007543262,0.0024835189742208634,1.0,18.229062229308965
1509.911319396765,13.913793373363164,0.9673220738647242,0.9974227344355835,0.002499340084634756,1.0,18.24989517351696
1509.93215234004,13.907686676605117,0.9727780824467535,1.0031033758958214,0.002485583270262551,1.0,18.270728116791815
1509.952985281919,13.907949751291198,0.9725424061507444,1.0029153301247882,0.0024850689301374835,1.0,18.291561058670823
1509.9738182233318,13.908312154839894,0.9722178392786645,1.002635723279759,0.0024858036294661988,1.0,18.312394000083714
1509.9946511572944,13.911296325450861,0.9695493453606725,0.9999388238044079,0.0024924449117660215,1.0,18.33322693404625
1510.0154840968444,13.91383905883446,0.967281371864649,0.9976548585406037,0.0024983037507341497,1.0,18.35405987359627
1510.036317035464,13.90992581594135,0.9707739665834895,1.0013125610037903,0.0024943555599285443,1.0,18.374892812215876
1510.0571499731516,13.919071797765907,0.9626307455526564,0.9929682863284245,0.0025103496565931772,1.0,18.395725749903477
1510.0779829099074,13.911944196283917,0.9689709770915508,0.9995639569573962,0.0024938739060073006,1.0,18.4165586866593
1510.098815845733,13.92029969654542,0.9615426866177372,0.9919564816050452,0.002511279841044358,1.0,18.437391622484938
1510.1196487806264,13.909067485789016,0.9715417166235589,1.0023278551725783,0.0024859851390726475,1.0,18.458224557378344
1510.140481714589,13.920104729273758,0.9617153677777263,0.9922457858761455,0.0025107327028957797,1.0,18.479057491340882
1510.1613146476204,13.917493262227175,0.9640313178045005,0.9946912011172516,0.002505587842827678,1.0,18.499890424372325
1510.18214757972,13.912620140507876,0.9683679148625153,0.9992220697325364,0.002494842890421401,1.0,18.52072335647199
1510.2029805108884,13.909041051630027,0.9715653708046832,1.0025780987086623,0.0024889486760534016,1.0,18.541556287640333
1510.223813441126,13.910596157724534,0.9701747883473664,1.0011999030934553,0.0024909892592346774,1.0,18.562389217877808
1510.2446463704314,13.905248368450346,0.9749651681469818,1.0062006918889388,0.0024793309784932925,1.0,18.583222147183278
1510.265479298806,13.911841785644896,0.9690623783146813,1.0001658263635795,0.0024939812590547747,1.0,18.60405507555788
1510.2863122262495,13.910475079573773,0.9702829854571299,1.0014828839386816,0.0024897618621436495,1.0,18.624888003001388
1510.3071451532264,13.915835048186477,0.9655047803334322,0.9966081918115901,0.0025020592581142197,1.0,18.645720929978324
1510.327978078807,13.913034101760822,0.9679987732758393,0.9992400034308865,0.002496830482059061,1.0,18.66655385555896
1510.3488110034568,13.910514346982955,0.970247894235275,1.0016194935260627,0.002492891464304877,1.0,18.687386780208726
1510.3696439271744,13.913261854462066,0.9677957394146811,0.9991458600499721,0.002497337111122827,1.0,18.70821970392626
1510.390476849961,13.917903452986545,0.9636671758996357,0.9949412948504751,0.0025069124483861937,1.0,18.729052626712928
1510.411309772282,13.913743124025999,0.9673668438720682,0.9988191640866495,0.002496893995528225,1.0,18.749885549033934
1510.432142693206,13.914142435120537,0.9670111319713819,0.9985101795592092,0.002498579140606657,1.0,18.770718469957956
1510.452975613198,13.918509395860138,0.9631295090682752,0.9945603572389439,0.00250689180068136,1.0,18.791551389949973
1510.4738085327256,13.914910822357417,0.966327009859471,0.997920820736405,0.0025022566890955046,1.0,18.812384309477466
1510.4946414508554,13.909054300506824,0.9715535151888306,1.00337732333995,0.002487715573393554,1.0,18.833217227607292
1510.5154743680541,13.921136248895774,0.9608021098684837,0.992332398848523,0.0025144640865197515,1.0,18.854050144806024
1510.536307284787,13.913798693365408,0.9673173340918667,0.9991206668657111,0.0024975195415462255,1.0,18.874883061538867
1510.557140200123,13.919177452620026,0.9625370748598268,0.9942423760684599,0.002509256131216957,1.0,18.895715976874953
1510.577973114527,13.913783798455437,0.9673306045376444,0.9992534216819413,0.0024980421483707187,1.0,18.916548891278808
1510.598806028466,13.909188127094325,0.9714337700074201,1.0035520643648255,0.0024906711238118356,1.0,18.93738180521791
1510.619638941008,13.917079439156735,0.9643988236816753,0.996344353155846,0.0025073250038574637,1.0,18.9582147177598
1510.6404718530848,13.914700148806048,0.9665145317403568,0.9985903034035538,0.002501559795519163,1.0,18.979047629836714
1510.6613047637634,13.914119590922041,0.9670314783746298,0.9991847983348529,0.002498489455121853,1.0,18.999880540515278
1510.682137673512,13.914686969193866,0.9665262642071892,0.9987233493339324,0.00250008758225419,1.0,19.020713450263884
1510.7029705827945,13.915548648467368,0.9657594985335636,0.9979917604380132,0.0025009843583547564,1.0,19.041546359546373
1510.72380349068,13.909216906959518,0.9714080203250519,1.0038900837719307,0.0024867730398060845,1.0,19.06237926743188
1510.744636398099,13.91459805284017,0.9666054211054422,0.9989880818520153,0.002498355430412372,1.0,19.083212174850814
1510.7654693041225,13.915222514217152,0.9660496376652873,0.9984750410446664,0.0025028880224911235,1.0,19.104045080874357
1510.7863022096794,13.91460032011552,0.9666034026056016,0.9991090026474302,0.002499660052204489,1.0,19.12487798643133
1510.807135113839,13.915499671455244,0.9658030644396441,0.9983435227583403,0.0025002955570326336,1.0,19.145710890590863
1510.827968017535,13.916782516896568,0.9646625992063399,0.997226547594383,0.0025026800672098724,1.0,19.16654379428701
1510.8488009202974,13.916073467274488,0.9652927863927651,0.9979401814934833,0.0025013912984226156,1.0,19.18737669704933
1510.8696338216635,13.91410934237937,0.9670406064760066,0.9998096213377661,0.0024970446206536074,1.0,19.20820959841535
1510.8904667225634,13.919699209930393,0.9620746327839544,0.9947377777777512,0.002509423634006881,1.0,19.229042499315256
1510.911299622067,13.916584644728767,0.9648384220936715,0.9976582090809761,0.00250158296818631,1.0,19.24987539881886
1510.9321325211056,13.923221717256943,0.9589583846045625,0.991640807901786,0.002518755502019934,1.0,19.27070829785748
1510.952965418746,13.908179201755441,0.9723368988388356,1.0055390316845625,0.0024847918815922164,1.0,19.291541195497985
1510.973798315921,13.912412801838418,0.9685528578407813,1.0016895144395686,0.0024942372446211713,1.0,19.312374092672826
1511.0154641070121,13.907843389873571,0.9726376834891992,1.0060428049678016,0.0024852561453677655,1.0,19.354039883764017
1511.036297001393,13.91052779881388,0.9702358733321129,1.0036230564798343,0.002491367683365671,1.0,19.37487277814489
1511.0571298943776,13.91334527276586,0.9677213854626194,1.001086663966489,0.0024956802221672374,1.0,19.395705671129463
1511.077962786896,13.912438874646327,0.9685295993464121,1.001987660302035,0.002494566977247069,1.0,19.41653856364792
1511.0987956780175,13.917584699807925,0.9639501332779374,0.9973148465316803,0.0025053388983886553,1.0,19.43737145476939
1511.119628568673,13.908133860714184,0.9723775051001081,1.0060995738043377,0.0024844773365563645,1.0,19.458204345424974
1511.140461457932,13.911648507585626,0.9692349019599219,1.0029136825374991,0.002493480303438009,1.0,19.4790372346838
1511.161294346726,13.911788728266135,0.9691097352746235,1.0028501039393742,0.0024930689494970406,1.0,19.499870123477876
1511.1821272345874,13.917431165370987,0.9640864555311089,0.997717779235933,0.0025053317336041323,1.0,19.520703011339265
1511.202960121052,13.914708277679681,0.9665072955028184,1.0002893299229487,0.00249860757495971,1.0,19.541535897803897
1511.2237930070519,13.914451207005513,0.9667361633414321,1.0005927285702774,0.0024979344596761737,1.0,19.562368783803777
1511.2446258916539,13.914158720683588,0.9669966273407125,1.000929119510178,0.0024974533551173263,1.0,19.583201668405763
1511.2654587757904,13.915830591401,0.9655087435949463,0.9994559847454284,0.002503958250053591,1.0,19.604034552542316
1511.28629165853,13.915646177245486,0.9656727508381532,0.9996929891217358,0.0025004031416358697,1.0,19.624867435281885
1511.3071245408034,13.914443002838054,0.9667434683343977,1.0008689945005407,0.0024998416953456977,1.0,19.645700317555338
1511.327957422147,13.91495521358504,0.9662875015837509,1.0004647310700514,0.0024995709131041878,1.0,19.666533198898833
1511.3487903020925,13.91184731016373,0.9690574474763103,1.003400908420454,0.002493652713465524,1.0,19.687366078844434
1511.369623181572,13.910145958628284,0.9705771534678741,1.0050431082647346,0.00248901169659029,1.0,19.70819895832392
1511.3904560596554,13.906642998444294,0.9737136277121609,1.0083600900944472,0.0024817052006244674,1.0,19.72903183640733
1511.411288937273,13.913729567190794,0.9673789227865442,1.001868936225875,0.002497186024210796,1.0,19.749864714024852
1511.432121813493,13.916675361936896,0.9647578097026994,0.9992234100430271,0.002507771607580806,1.0,19.770697590244936
1511.452954688782,13.908013843105326,0.9724849979450141,1.0072965170716943,0.00248400918665963,1.0,19.791530465533924
1511.4737875636051,13.91616113844164,0.9652148439531968,0.9998357403083408,0.0025027715231816542,1.0,19.812363340357024
1511.4946204370322,13.912124062808978,0.9688104675624154,1.0036304966441596,0.002492467648454448,1.0,19.83319621378405
1511.5154533099926,13.912259298358997,0.9686898033931088,1.0035759321689237,0.0024927856072314665,1.0,19.854029086744504
1511.536286181556,13.916138873904309,0.9652346372346351,1.0000668012542973,0.0025032104033809116,1.0,19.874861958307974
1511.557119052189,13.917811342939366,0.9637489335070017,0.9985981284499549,0.0025048509241594355,1.0,19.895694828940805
1511.577951922356,13.905149128327869,0.9750542874784661,1.0103840486615439,0.0024777970734530677,1.0,19.916527699107974
1511.5987847911256,13.913893076425735,0.9672332488400982,1.0023511040073676,0.002496880282713938,1.0,19.937360567877477
1511.619617658964,13.918890022246469,0.9627919240707704,0.9978199668097226,0.0025071962100026426,1.0,19.958193435715884
1511.6404505263365,13.921826062561596,0.9601918659408618,0.9951968542315439,0.002512791690181707,1.0,19.979026303088403
1511.6612833923132,13.9171770362831,0.964312137502082,0.9995394778470273,0.0025032095510792874,1.0,19.999859169065076
1511.6821162573574,13.923486971698818,0.9587241316613578,0.9938193560349431,0.0025171077295196398,1.0,20.020692034109288
1511.7029491214698,13.918949399969257,0.9627392714756823,0.9980540950369089,0.0025065559669992625,1.0,20.041524898221724
1511.7237819846514,13.915970912406976,0.9653839689000039,1.00086892559627,0.0025005619002872524,1.0,20.06235776140329
1511.744614846902,13.920183909542656,0.9616452346233966,0.997065906044671,0.0025099264273516116,1.0,20.08319062365399
1511.7654477086876,13.910383798811592,0.9703645631859014,1.006180508261597,0.0024884986501063984,1.0,20.104023485439484
1511.786280569075,13.917552859068408,0.963978402884337,0.9996325667883239,0.0025037703987306906,1.0,20.124856345826856
1511.807113428532,13.91445940704201,0.9667288620818341,1.002559207528666,0.0024980549254244987,1.0,20.145689205283816
1511.8279462870573,13.908866215356582,0.9717218347279754,1.0078123872622273,0.002485300017404198,1.0,20.166522063809225
1511.848779144186,13.91393508632141,0.9671958248492563,1.0031933921015024,0.0024967480518402634,1.0,20.187354920937878
1511.869612000849,13.914486429518377,0.9667048018334697,1.0027594865408642,0.0024962388126266504,1.0,20.20818777760087
1511.89044485658,13.932088588403381,0.9511587605365336,0.9867081260465199,0.0025356652535553554,1.0,20.229020633331857
1511.9112777113796,13.92231113983457,0.9597629742641631,0.9957094058473357,0.0025154784301800594,1.0,20.24985348813152
1511.932110565248,13.914921628201661,0.9663173924891102,1.0025856327697198,0.002498418423382463,1.0,20.270686341999863
1511.9529434177196,13.916381288579414,0.9650191512625295,1.0013152098889622,0.002501898562308184,1.0,20.291519194471448
1511.973776269726,13.92003291570338,0.9617789803735307,0.9980297828389341,0.0025130032782595037,1.0,20.312352046477827
1511.9946091208005,13.918452953215162,0.963179579232409,0.9995602235264879,0.0025056394950109828,1.0,20.333184897552428
1512.0154419704782,13.918831542684224,0.9628437830456641,0.9992890974877234,0.0025057770270514117,1.0,20.354017747230046
1512.0362748196894,13.916718703375945,0.9647192983616848,1.001313440722893,0.002501764256882689,1.0,20.37485059644132
1512.057107667505,13.922194268845793,0.9598662907829865,0.9963541239321388,0.0025144646526433136,1.0,20.395683444256974
1512.077940514389,13.915452032226355,0.965845442249706,1.00263916177715,0.002499959116528566,1.0,20.41651629114085
1512.098773360807,13.913476018809424,0.9676048579636187,1.0045446825962572,0.0024944241232537708,1.0,20.43734913755884
1512.119606205828,13.922905683992319,0.9592375563400497,0.9959366811129989,0.002516785771318543,1.0,20.458181982579845
1512.1404390499174,13.91397487658896,0.967160379521671,1.0042423490674677,0.002495810608939723,1.0,20.4790148266693
1512.161271893076,13.914065192113327,0.9670799309159117,1.0042388829264322,0.002496461256138183,1.0,20.499847669827886
1512.182104735303,13.9178330102616,0.9637297007962927,1.000840059570892,0.0025047337883967596,1.0,20.520680512054923
1512.2029375765985,13.920939718182023,0.960976041818589,0.9980606191100669,0.0025107091002018705,1.0,20.54151335335041
1512.223770416963,13.923443487199588,0.9587625300065932,0.995842103869055,0.0025160143746090036,1.0,20.562346193714802
1512.2446032563967,13.924135553167005,0.9581515938616718,0.9952882563267142,0.0025185226545720776,1.0,20.583179033148554
1512.2654360948982,13.91523083827929,0.9660422312378761,1.0035664602309688,0.002498965145523564,1.0,20.604011871650073
1512.286268932469,13.91460105118977,0.9666027517489602,1.0042308941170572,0.0024979575347925586,1.0,20.62484470922095
1512.307101768642,13.920031925244244,0.9617798577535156,0.9993023421344986,0.002508904984621455,1.0,20.645677545393937
1512.32793460435,13.919006612338002,0.9626885417102349,1.000329003637182,0.0025089577583610532,1.0,20.666510381101943
1512.3487674386606,13.923994194594197,0.9582763495423795,0.9958268065550131,0.0025230768024797935,1.0,20.68734321541251
1512.3696002725055,13.91286412030488,0.9681503337755363,1.0061714323027728,0.002492867780543206,1.0,20.708176049257418
1512.390433104954,13.917078298795976,0.9643998366009708,1.0023574140345495,0.002502451923447383,1.0,20.729008881705795
1512.411265936471,13.925121461039828,0.9572819347042995,0.9950428765309053,0.002521049007668934,1.0,20.74984171322285
1512.4320987670565,13.921453792290453,0.9605211468213889,0.9984940310597628,0.0025121662947082714,1.0,20.770674543808354
1512.4529315967106,13.919362853313327,0.9623727257255066,1.0005035127890909,0.0025075538880969758,1.0,20.791507373462537
1512.4737644254328,13.917868508100458,0.9636981924407355,1.0019666916287961,0.0025045410618149914,1.0,20.812340202184714
1512.4945972532246,13.920212306589079,0.9616200834613191,0.9998914484608739,0.002508948067118471,1.0,20.83317302997648
1512.515430080085,13.919734059812486,0.962043752677642,1.0004177831478476,0.0025109126291259724,1.0,20.85400585683692
1512.536262905549,13.919085151770853,0.9626189057552672,1.0011021141169802,0.0025068249809730176,1.0,20.874838682300833
1512.557095730546,13.916563452015696,0.9648572551613273,1.0035167679916386,0.002500474115497999,1.0,20.895671507297948
1512.5779285541466,13.922234668721671,0.9598305751483965,0.9983754333612622,0.0025150900784828983,1.0,20.916504330898533
1512.5987613772816,13.920081842476417,0.9617356404891015,1.000444313760822,0.002509115189825729,1.0,20.937337154033457
1512.619594199019,13.916240694280035,0.9651441217440733,1.0040779935062696,0.00249974319098456,1.0,20.958169975770943
1512.6404270198254,13.917173347354735,0.9643154138821307,1.003304183421599,0.002501547769765375,1.0,20.979002796577333
1512.661259839701,13.91972921491449,0.9620480456304139,1.0010336555033723,0.0025077957916065457,1.0,20.999835616452856
1512.6820926586456,13.915217163362382,0.966054398678162,1.0052916394645564,0.0024975790121961215,1.0,21.02066843539751
1512.7029254761924,13.918905168504434,0.9627784930061438,1.0019720540692507,0.0025064003883796242,1.0,21.041501252944272
1512.7237582932735,13.918233479964185,0.9633742982808245,1.0026819437807446,0.0025054668520574997,1.0,21.062334070025372
1512.7445911089585,13.923052247715738,0.95910807743107,0.9983314850638275,0.002514595088562939,1.0,21.083166885710398
1512.765423924177,13.921984615610793,0.9600516567151591,0.9994039768153167,0.0025124432199297563,1.0,21.103999700928853
1512.7862567379984,13.920173830166508,0.9616541620488505,1.0011630492571943,0.0025069981533253688,1.0,21.124832514750324
1512.807089550889,13.92382249664318,0.9584279030186031,0.9978952241133109,0.002515922041888033,1.0,21.145665327640927
1512.827922362849,13.925695801847752,0.9567756785043448,0.9962661959661372,0.002520014499042732,1.0,21.16649813960089
1512.8487551738765,13.919317604423147,0.962412834183724,1.0022282066841597,0.0025062111241424116,1.0,21.187330950628393
1512.869587983507,13.921964571576726,0.9600693806205217,0.9998801766068588,0.0025116601428096367,1.0,21.208163760258913
1512.8904207926716,13.917599485807145,0.9639370059005823,1.004001341711328,0.00250221806644222,1.0,21.228996569423543
1512.91125360044,13.919648093515224,0.962119928283726,1.0022021463323616,0.002507118468279505,1.0,21.249829377191872
1512.9320864072765,13.92074514043101,0.961148276392866,1.0012837472230112,0.0025090082009075095,1.0,21.270662184028424
1512.952919213182,13.917140801551255,0.9643443204343898,1.0047077189996123,0.002501864015130889,1.0,21.29149498993388
1512.9737520181566,13.921720040476753,0.9602856332055545,1.0005736469295694,0.0025121182161587188,1.0,21.31232779490847
1512.994584822199,13.924299712624556,0.9580067356953968,0.9982938361591397,0.002517218788634857,1.0,21.333160598950826
1513.015417624845,13.915617770625659,0.9656980165126744,1.0064044462939228,0.0025003794073407038,1.0,21.35399340159688
1513.036250427025,13.919121454030844,0.9625867205362121,1.0032580123757158,0.0025063725593194616,1.0,21.37482620377682
1513.057083227808,13.924990744154817,0.9573971933140845,0.9979451414094543,0.0025216517779114308,1.0,21.395659004560002
1513.07791602766,13.924918150551434,0.9574612081598041,0.9981082323669439,0.0025178885480995152,1.0,21.416491804411862
1513.0987488265805,13.920198748908756,0.9616320913680512,1.0025534044517377,0.002508964336496902,1.0,21.4373246033324
1513.119581624104,13.929314717926585,0.953591915463482,0.994267932963508,0.002528270418575018,1.0,21.458157400855953
1513.140414421162,13.923768950523401,0.9584751717387459,0.999457270373444,0.002514975176482639,1.0,21.478990197913845
1513.161247216823,13.925638113340895,0.9568265162920259,0.9978361794643033,0.0025193787466952036,1.0,21.49982299357498
1513.1820800115524,13.92305436369829,0.9591062082348777,1.0003123153067397,0.0025176651304620024,1.0,21.52065578830434
1513.202912805351,13.922497057605995,0.9595986417901335,1.0009251399855885,0.002512781941984754,1.0,21.54148858210283
1513.2237455982176,13.926463959916404,0.9560989993762078,0.9973741015435262,0.0025205102769694033,1.0,21.562321374969542
1513.244578389687,13.925894269668431,0.9566008000867675,0.9979973891680535,0.0025215537929055816,1.0,21.583154166438817
1513.2654111806914,13.9192241650583,0.9624956638004127,1.0042482461095337,0.0025053565541372663,1.0,21.60398695744334
1513.286243970299,13.92869785672855,0.9541338527987742,0.9956241762238742,0.0025250950192961673,1.0,21.62481974705088
1513.3070767589745,13.922517819275294,0.9595802923244973,1.001408957633472,0.002514065960198544,1.0,21.645652535726413
1513.327909546254,13.926971679422607,0.9556520062416832,0.9974109833063418,0.0025230670667499002,1.0,21.666485323005872
1513.3487423330675,13.921307534782834,0.9606505455564499,1.0027304857680155,0.002508765498186425,1.0,21.687318109819444
1513.369575118484,13.925364102285336,0.957068024431042,0.9990936617484908,0.002520252129521789,1.0,21.708150895235804
1513.390407902969,13.922997413495672,0.959156517624215,1.0013771779590797,0.002512618067993851,1.0,21.72898367972084
1513.4112406865224,13.925485100212464,0.9569613716418415,0.9991889524565554,0.002519288153783864,1.0,21.74981646327433
1513.432073468679,13.933475225642011,0.9499447729288032,0.9919659895520744,0.0025376945834975277,1.0,21.770649245430832
1513.4529062499041,13.927965690195867,0.9547774902404224,0.9971167366071493,0.0025255738966598607,1.0,21.791482026656013
1513.4737390301984,13.919558172405587,0.9621996147433611,1.0049735327928213,0.0025049058002810168,1.0,21.812314806950326
1513.494571809561,13.927562443178548,0.9551321644971136,0.9976971454324137,0.0025231456539816653,1.0,21.83314758631286
1513.515404587527,13.924924609335266,0.9574555124700497,1.0002300092316183,0.0025158358098539817,1.0,21.85398036427887
1513.5362373650264,13.928090023565723,0.954668159902658,0.9974242801835352,0.002522854148346022,1.0,21.874813141778304
1513.55707014113,13.928282166616427,0.9544992269503223,0.9973543940535798,0.0025242363405148364,1.0,21.895645917881893
1513.5779029158355,13.931971550352078,0.9512612972001944,0.9940778216561992,0.0025321127583580855,1.0,21.91647869258736
1513.598735690076,13.927640918010704,0.9550631319574628,0.9981584260271956,0.002521531320609934,1.0,21.93731146682785
1513.6195684629201,13.930668351378564,0.9524037727187915,0.995486904900117,0.00252940924031727,1.0,21.958144239672038
1513.6404012348326,13.923062142964087,0.9590993362936454,1.002594438613756,0.0025125765511742563,1.0,21.978977011584448
1513.661234005347,13.926124870188172,0.9563976483299802,0.9998795047201069,0.0025194904548182526,1.0,21.999809782098964
1513.6820667753964,13.924556672484698,0.957780032240406,1.0014346686591369,0.002515805406769594,1.0,22.020642552148274
1513.7028995435835,13.92558002220713,0.956877711622796,1.0006015479145196,0.002518487614678638,1.0,22.041475320335394
1513.7237323113054,13.92710333857206,0.9555361284608502,0.9993093350415637,0.0025227038593026853,1.0,22.062308088057307
1513.744565078095,13.922412145679711,0.9596736918391746,1.0037480979761193,0.0025134024164557233,1.0,22.083140854846988
1513.765397843488,13.926245509817983,0.9562913858254338,1.0003222242593672,0.0025187889275403133,1.0,22.103973620239913
1513.786230607484,13.92365015252766,0.9585800509520193,1.0028288133661218,0.0025132944449544046,1.0,22.124806384235853
1513.807063371014,13.924684061571615,0.9576676628031716,1.0019872587099108,0.0025162876198990746,1.0,22.145639147765905
1513.827896133147,13.92939049179797,0.9535253663059006,0.9977662347121038,0.002525777835448199,1.0,22.166471909898974
1513.8487288938836,13.932903853985811,0.950444815534349,0.9946558741673572,0.002535563703779741,1.0,22.187304670635513
1513.869561654154,13.921181720353204,0.9607618715885089,1.0055677066009179,0.0025075583662501006,1.0,22.208137430905936
1513.8903944130275,13.928653915507654,0.9541724686749103,0.9987855986356293,0.0025255700572096073,1.0,22.228970189779375
1513.91122717097,13.930750308661704,0.9523318828072893,0.9969738495331436,0.0025281943537219177,1.0,22.249802947721946
1513.932059927515,13.928793749005603,0.9540495873693879,0.9988876986697711,0.0025246683268766146,1.0,22.27063570426685
1513.952892683129,13.925906125231876,0.9565903546585784,1.0016643348694496,0.0025181869565608366,1.0,22.29146845988089
1513.9737254378124,13.931669304068897,0.951526145340079,0.9964778708984469,0.002535007297255841,1.0,22.312301214564286
1513.994558191098,13.935077398857324,0.9485440149361173,0.9934713890713373,0.0025378536433889255,1.0,22.33313396784979
1514.015390943452,13.93078559199301,0.9523009352389773,0.9975237759279282,0.002527783747493992,1.0,22.35396672020397
1514.0362236944095,13.929751242049965,0.9532085974864645,0.9985927083454769,0.002532502782191224,1.0,22.374799471161396
1514.0570564444356,13.937847652040379,0.9461268922312948,0.9912916503389705,0.002544991123893461,1.0,22.395632221187498
1514.0778891935306,13.925423233127272,0.957015902472867,1.0028201805991737,0.0025181571565957035,1.0,22.416464970282505
1514.0987219412282,13.929686757701262,0.9532652123996342,0.9990097648665955,0.0025273943505832275,1.0,22.437297717980073
1514.1403874333641,13.925183931682344,0.9572268565952065,1.0034037263864113,0.0025181275671496976,1.0,22.478963210116035
1514.1612201778016,13.925095179496896,0.9573051071385031,1.003607689303979,0.00251705265869593,1.0,22.49979595455352
1514.1820529213085,13.929459425332547,0.9534648287766497,0.999703663836433,0.002526510803919443,1.0,22.520628698060364
1514.2028856634183,13.932177880398303,0.9510805395372333,0.9973259905799328,0.002532487600133322,1.0,22.541461440170224
1514.223718404597,13.926625039437285,0.9559571633166448,1.0025631618962145,0.002519657628705635,1.0,22.56229418134899
1514.2445511443784,13.930546228620416,0.952510904374317,0.9990724237305713,0.0025288204479395706,1.0,22.583126921130315
1514.265383883228,13.929159410878526,0.9537283299420706,1.0004736145976112,0.002525625909458461,1.0,22.603959659979864
1514.2862166206814,13.929315829305216,0.953590939350564,1.0004542874307785,0.0025263800927409633,1.0,22.62479239743334
1514.3070493572031,13.93083251320528,0.9522597814590518,0.9991828969821949,0.002529597402147853,1.0,22.645625133955036
1514.3278820923279,13.936775347883088,0.9470617758178314,0.9938538215313504,0.0025415789753823067,1.0,22.66645786907975
1514.3487148265215,13.934788197970194,0.9487967064343628,0.9958003301156236,0.0025394042042085575,1.0,22.687290603273368
1514.369547559318,13.928426765026336,0.9543721151531961,1.001779115876695,0.0025236840457113522,1.0,22.708123336070003
1514.390380291183,13.930256573615132,0.9527650511510729,1.0002197516408595,0.0025287670624569826,1.0,22.72895606793486
1514.4112130216515,13.932872851910759,0.9504719548910927,0.9979402370500323,0.0025330591388333865,1.0,22.749788798403415
1514.4320457511885,13.932791129412887,0.9505434988492926,0.9981437342332614,0.002532370002929977,1.0,22.77062152794042
1514.4528784793285,13.932335332779799,0.9509426247863728,0.9986918595903275,0.002532081653213497,1.0,22.791454256080442
1514.473711206537,13.93573026334867,0.9479738169879708,0.995703169117285,0.0025402948914535423,1.0,22.812286983288914
1514.4945439323485,13.933715699029626,0.949734398492607,0.9976824047841472,0.0025350468853327403,1.0,22.8331197091004
1514.515376657229,13.933366234921117,0.9500401371268258,0.9981342165651035,0.002536143534408571,1.0,22.853952433980794
1514.5362093807125,13.935316684092696,0.9483349885008817,0.9964737373214809,0.002544544248074814,1.0,22.87478515746443
1514.557042103264,13.931187484194176,0.9519485001884195,1.000402755194099,0.002532091756465459,1.0,22.895617880015834
1514.5778748239536,13.931768217697982,0.9514394625743458,1.0000004092552741,0.002532223543069883,1.0,22.916450600705502
1514.5987075441772,13.930657160567545,0.9524135893073123,1.0011575882765815,0.0025289257187590813,1.0,22.937283320929055
1514.6195402625385,13.925597220178652,0.9568625548791692,1.0059688067254033,0.0025177579815648245,1.0,22.958116039290417
1514.640372980434,13.928977123073667,0.953888467955457,1.0029768301394608,0.002526102383635186,1.0,22.97894875718589
1514.661205696467,13.929446589109453,0.9534761012750225,1.0026785286764512,0.0025270457166574143,1.0,22.999781473218945
1514.6820384115686,13.932548861910938,0.9507556235739364,0.9999531701566966,0.00253406116266996,1.0,23.02061418832045
1514.702871125273,13.936404513783023,0.9473853007987934,0.9965440764101673,0.002540860657558403,1.0,23.041446902024973
1514.723703838046,13.9377536702757,0.9462087929020863,0.9954425876002309,0.002545698059003028,1.0,23.062279614797944
1514.744536549422,13.93188007750355,0.95134144396673,1.0009797211321796,0.002531954355144671,1.0,23.083112326173932
1514.765369259401,13.929948988313107,0.9530350044229647,1.002899923731889,0.002528517634279149,1.0,23.103945036152936
1514.807034675634,13.933332113067989,0.9500699948761397,1.0000573222190945,0.002536358707634021,1.0,23.14561045238588
1514.827867381888,13.935927186536746,0.9478018957631961,0.9978092571210799,0.002539879162098404,1.0,23.166443158639822
1514.8487000872105,13.932820824353957,0.950517501791199,1.0008085337189332,0.002533811059135411,1.0,23.18727586396244
1514.8695327906705,13.927327590353201,0.9553387890424967,1.0060266437096306,0.0025223738959580166,1.0,23.208108567422414
1514.890365493199,13.938712397144235,0.9453736403222062,0.9956736488450062,0.002548333390014904,1.0,23.228941269950838
1514.911198194796,13.93358824533654,0.9498458935879166,1.000526031240702,0.002535219525865433,1.0,23.24977397154794
1514.932030894531,13.93591771936621,0.9478101602396524,0.9985241820823877,0.0025404573016268054,1.0,23.27060667128285
1514.952863593334,13.932605364155055,0.9507061470728068,1.00171869751917,0.0025325390088944298,1.0,23.291439370085982
1514.97369629074,13.934642879370717,0.9489237050878027,0.9999845565477116,0.0025380039184890887,1.0,23.312272067491904
1514.9945289867496,13.930791930636966,0.9522953756206091,1.0036827498814271,0.002528049537993386,1.0,23.333104763501524
1515.015361681362,13.93103529546927,0.9520819451098961,1.003603509870071,0.0025279715142421427,1.0,23.353937458113933
1515.0361943750424,13.934662904866727,0.9489062031453019,1.000401779921995,0.0025361549082511528,1.0,23.374770151794337
1515.057027067327,13.933169242125594,0.950212525263785,1.001925708876096,0.0025345611498923787,1.0,23.395602844078894
1515.077859758214,13.938931109572955,0.9451832219315471,0.9967692823012386,0.0025472419869286287,1.0,23.416435534965785
1515.0986924477033,13.937620087369954,0.9463252162979108,0.9981210168497487,0.002543880490642695,1.0,23.437268224455238
1515.119525135796,13.93892134689495,0.9451917208292513,0.9970733690996703,0.0025455487854687,1.0,23.458100912547934
1515.1403578224927,13.935801236740907,0.9479118509982063,1.000091777394735,0.0025399653739008234,1.0,23.478933599244556
1515.1611905082568,13.937968643686128,0.9460214641621187,0.9982466602625519,0.002544518560827613,1.0,23.499766285008718
1515.1820231921595,13.935360803319673,0.9482964533978335,1.0007975914745448,0.0025384164421602823,1.0,23.520598968911372
1515.244521236415,13.934566058442332,0.9489908482655302,1.0019858113300006,0.0025403764011740276,1.0,23.583097013166935
1515.2653539151945,13.935161318268825,0.9484707023036801,1.0015896691514161,0.0025382018872217907,1.0,23.603929691946405
1515.2861865925775,13.934747006323416,0.9488327034288517,1.002125727574621,0.002536900723457793,1.0,23.624762369329346
1515.3070192685636,13.938443544388655,0.9456077651293097,0.998873589995335,0.002545903361381529,1.0,23.64559504531553
1515.327851943152,13.929580183012,0.9533587884724315,1.0072171065964657,0.0025263908061617917,1.0,23.666427719903822
1515.3486846158785,13.934595860304148,0.9489648002201051,1.0027307317695338,0.0025356396929409482,1.0,23.687260392630378
1515.369517287673,13.937284163367599,0.9466180521963183,1.000407164750507,0.00254182251335133,1.0,23.70809306442493
1515.3903499580715,13.936564936779593,0.9472453301865349,1.0012270175643878,0.0025412499267443507,1.0,23.728925734823406
1515.4111826270719,13.937538106427287,0.9463966733995377,1.0004874762949383,0.0025422862795386938,1.0,23.749758403823762
1515.51534595019,13.940127810723688,0.9441420125459704,0.9988998557085256,0.002548973868594709,1.0,23.853921726941962
1515.619509236987,13.94038495050435,0.943918433630294,0.999476567638043,0.002552713828623774,1.0,23.95808501373881
