time_o,mag,oflux,nflux,enflux,lc_part,time
1657.724489430194,12.372883683908412,0.9756628715514319,1.0017613842193946,0.0009271152577952829,0.0,0.0
1657.745322834274,12.372752116134057,0.9757811079792696,1.0018490617041829,0.0009264728043004313,0.0,0.02083340408012191
1657.766156237888,12.374645816492519,0.974080670526482,1.0000688173625054,0.0009276157326751454,0.0,0.04166680769412778
1657.7869896410366,12.37630599235608,0.9725923628968351,0.9985057746368182,0.0009289310240108169,0.0,0.06250021084269974
1657.807823044184,12.374058093940508,0.9746080952828493,1.0005393505195999,0.0009273821695354065,0.0,0.08333361399013484
1657.828656446868,12.374875676829264,0.9738744705208763,0.9997497152909386,0.0009281330191828919,0.0,0.10416701667418238
1657.8494898490856,12.37459772001343,0.9741238217892836,0.9999685362407498,0.0009273420022547379,0.0,0.12500041889165914
1657.870323250836,12.374301900193132,0.9743892678460391,1.000203158363556,0.0009270183113232149,0.0,0.14583382064211037
1657.8911566525876,12.374309159018757,0.9743827534661064,1.000157950170973,0.0009266554103193778,0.0,0.16666722239369847
1657.911990053873,12.373604235924754,0.9750155848360961,1.0007683355779542,0.0009254525020093993,0.0,0.18750062367917053
1657.9328234546938,12.375288504362926,0.9735042463634851,0.9991773450317786,0.0009260878280450528,0.0,0.2083340244998908
1657.9536568550484,12.372781362569622,0.9757548237540471,1.0014468240471417,0.0009238669359568066,0.0,0.22916742485449504
1657.9953236548254,12.374230817482855,0.974453062805674,1.0000282152171185,0.000923337202634168,0.0,0.27083422463147144
1658.016157054248,12.374785855667948,0.9739550408785249,0.9994749073604902,0.000922456842656989,0.0,0.291667624054071
1658.0369904532072,12.373952802327516,0.9747026145904896,1.0001993359628203,0.0009216190201150362,0.0,0.312501023013283
1658.0578238516985,12.374471712706457,0.9742368822564467,0.9996781154621178,0.0009213987018327905,0.0,0.33333442150455994
1658.07865725019,12.374838586989016,0.9739077396200777,0.9992965558864074,0.00092187092925808,0.0,0.3541678199960643
1658.099490647751,12.376421765446395,0.9724886599717003,0.9977962095348059,0.0009227926788804448,0.0,0.37500121755715554
1658.1203240453115,12.372330562340863,0.9761600435727339,1.0015180870033833,0.0009198322271860642,0.0,0.3958346151175647
1658.141157442406,12.372376033548504,0.9761191623288643,1.00143065738908,0.0009198698184370261,0.0,0.41666801221208516
1658.1619908395014,12.37314274881583,0.9754300987493915,1.000677709736006,0.0009209767325080413,0.0,0.43750140930751513
1658.1828242356646,12.373700279622032,0.9749293392457521,1.00011760301305,0.0009217024134316417,0.0,0.45833480547071304
1658.2036576318285,12.376727224369692,0.9722151003767248,0.9972864837007931,0.0009242130924144512,0.0,0.47916820163459306
1658.2453244227581,12.376582684544589,0.9723445361955391,0.9973242534808338,0.0009241266303205596,0.0,0.5208349925642324
1658.2661578175255,12.373886941477172,0.9747617419271447,0.9997552568700456,0.0009221717619711913,0.0,0.5416683873315833
1658.286991212291,12.374544235724668,0.974171809139083,0.9991015644527003,0.0009217870988235506,0.0,0.5625017820971152
1658.3078246061264,12.373244093070326,0.9753390548823094,1.0002495048064124,0.0009202552757115735,0.0,0.5833351759324614
1658.3286579999615,12.374655535725985,0.9740719508438954,0.998900519090398,0.0009206323308913648,0.0,0.6041685697675803
1658.3494913933314,12.374699433212047,0.9740325688602176,0.998810269702179,0.0009195941386390564,0.0,0.6250019631374926
1658.3703247862359,12.3742687616214,0.9744190083679835,0.9991562184491837,0.0009182324556046149,0.0,0.645835356041971
1658.3911581786745,12.374036003958473,0.9746279244957243,0.9993196991767167,0.0009174572714184336,0.0,0.6666687484805607
1658.411991571112,12.373921946635011,0.9747303151971233,0.9993735934767802,0.0009166258079433346,0.0,0.6875021409180135
1658.4328249626185,12.374342721839819,0.9743526333242201,0.9989349618475901,0.0009168757120741024,0.0,0.7083355324245986
1658.4536583541255,12.37341666729424,0.975184040244691,0.9997355689595114,0.000916217912163501,0.0,0.7291689239316383
1658.474491745168,12.37182828606735,0.9766117329007301,1.0011469465921907,0.0009153813969675736,0.0,0.7500023149741537
1658.4953251357424,12.372363334873057,0.9761305789997592,1.0006012170886114,0.0009155770093575344,0.0,0.7708357055485067
1658.5161585263181,12.373991828834676,0.9746675797866824,0.9990488637401912,0.0009171226246525786,0.0,0.7916690961242239
1658.536991915962,12.37423380091593,0.9744503851649265,0.9987731327389766,0.0009176800075238225,0.0,0.8125024857681638
1658.5578253056065,12.373016167208103,0.9755438268422617,0.9998404809987624,0.0009173311973764856,0.0,0.8333358754125584
1658.5786586943204,12.371394780610494,0.9770017457273311,1.0012809137299201,0.0009171440553518731,0.0,0.8541692641265399
1658.599492083033,12.37252008222497,0.9759896655453323,1.000189779427592,0.0009184451953328822,0.0,0.8750026528391572
1658.62032547128,12.37357643729272,0.9750405489538393,0.9991629178774071,0.0009188782567411977,0.0,0.8958360410861133
1658.641158859527,12.373530033569057,0.9750822225011447,0.9991512317403896,0.0009189559031375601,0.0,0.9166694293330693
1658.6619922468435,12.37203856237451,0.9764226092231135,1.000469878549366,0.0009178382585921747,0.0,0.9375028166496122
1658.682825633694,12.373107542399588,0.9754617288587205,0.999430369154532,0.0009185493316602087,0.0,0.9583362035000391
1658.703659020544,12.372420089813541,0.9760795548331841,1.000008214861205,0.0009176081039421816,0.0,0.9791695903500113
1658.724492406928,12.374027641367999,0.9746354313335259,0.9984733863926997,0.000918413472944428,0.0,1.0000029767340948
1658.7453257928473,12.369996460117715,0.9782608376454216,1.002131671699222,0.0009158418507525822,0.0,1.0208363626534265
1658.7661591783005,12.37200243795432,0.976455097121428,1.0002260176178979,0.0009165800413017311,0.0,1.0416697481066421
1658.786992563288,12.372934898004416,0.9756168506917737,0.9993114458450677,0.00091718373163933,0.0,1.0625031330941965
1658.8078259478104,12.37386355904142,0.9747827346407839,0.9984009478280228,0.0009188349525812382,0.0,1.0833365176165444
1658.8286593323319,12.371423558086601,0.976975850605043,1.0005908351738615,0.0009162451588557494,0.0,1.1041699021379827
1658.8494927159231,12.371859058915845,0.9765840533420381,1.000133077824519,0.0009166785119564626,0.0,1.1250032857292354
1658.8703260995135,12.369455427076248,0.9787484361306796,1.002292813847933,0.0009148346618302393,0.0,1.1458366693195785
1658.891159482639,12.371354588334595,0.9770379134910784,1.0004843197614761,0.0009158234980120738,0.0,1.1666700524451699
1658.911992865299,12.369719984173054,0.9785099773785698,1.0019346535817133,0.0009146493102109974,0.0,1.1875034351051
1658.9328262474926,12.371582195936384,0.9768331142519766,1.0001606199496504,0.0009150117772751126,0.0,1.2083368172986866
1658.95365962922,12.370773514486745,0.9775609531817397,1.0008486389483817,0.0009152134226176658,0.0,1.2291701990261572
1658.9744930104814,12.371344654835221,0.9770468525407828,1.0002649892950357,0.0009139670419970554,0.0,1.2500035802875118
1658.995326391745,12.368404848390806,0.9796959497895771,1.0029195113301466,0.0009110458932057938,0.0,1.2708369615511401
1659.0161597720771,12.372603545952627,0.9759146412398512,0.998991207760445,0.0009132589778550377,0.0,1.2916703418832185
1659.0369931524074,12.371174165115567,0.9772002871618432,1.0002496882994634,0.0009117203711697255,0.0,1.3125037222134779
1659.057826532272,12.371240654905247,0.9771404458745718,1.000130849283791,0.0009115776660865083,0.0,1.333337102078076
1659.0786599112055,12.371219248293002,0.977159711579029,1.000092911269438,0.0009114656150708373,0.0,1.3541704810115789
1659.0994932901394,12.37132409672876,0.9770653528203996,0.999938616943903,0.0009114422242934694,0.0,1.3750038599455365
1659.1203266690745,12.37122080384244,0.9771583115896534,0.9999760167787232,0.0009114370535876597,0.0,1.395837238880631
1659.1411600470774,12.369920788641313,0.978329020894078,1.001116250536644,0.0009104312867897102,0.0,1.4166706168834935
1659.161993424614,12.369982920603302,0.9782730369800663,1.0010011139652812,0.0009103762432554425,0.0,1.4375039944200125
1659.1828268016861,12.371826552360243,0.9766132923587689,0.99924506487554,0.00091220118277622,0.0,1.4583373714922345
1659.2036601787565,12.368943108034156,0.9792103805525448,1.001844400741762,0.0009104293197778428,0.0,1.4791707485626375
1659.224493555363,12.37307794533258,0.9754883202163067,0.997978612169507,0.0009132144201051884,0.0,1.5000041251691982
1659.2453269310374,12.371033395530198,0.9773269928907365,0.9998018797113966,0.000911736027400987,0.0,1.5208375008435269
1659.2661603067115,12.371159081566017,0.9772138629745247,0.9996283650971597,0.000911370834104541,0.0,1.5416708765176281
1659.2869936819206,12.370413660370469,0.9778850076199295,1.0002571334951007,0.0009107738909284808,0.0,1.5625042517267502
1659.3078270566634,12.369538532760162,0.9786735224961405,1.001005908287357,0.0009094395174265765,0.0,1.583337626469529
1659.3286604309405,12.36939418716645,0.9788036430548841,1.0010812630444654,0.0009090828126762962,0.0,1.6041710007466463
1659.3494938047525,12.369755638900791,0.9784778444038837,1.0006903857962346,0.0009089377132705481,0.0,1.6250043745585572
1659.370327178099,12.36990888326387,0.978339748582872,1.0004915521622528,0.0009084310542646888,0.0,1.6458377479050341
1659.391160551445,12.368560005398,0.9795559564559013,1.001677706171177,0.000907182855131932,0.0,1.6666711212510563
1659.4119939238594,12.372760998440725,0.9757731252376504,0.9977521590657394,0.0009097275291133171,0.0,1.6875044936655286
1659.432827296274,12.36938597323924,0.9788110480324956,1.0008010824963418,0.000907392604395125,0.0,1.7083378660800008
1659.4536606677584,12.368812310382955,0.9793283522406034,1.0012726789948272,0.0009064564310189597,0.0,1.7291712375645147
1659.4744940392425,12.366942093661267,0.9810167316248103,1.0029415606980405,0.0009051790839968172,0.0,1.750004609048574
1659.4953274102595,12.370616445445533,0.9777023831790446,0.9994961467505895,0.0009079350570867464,0.0,1.7708379800656076
1659.5161607808116,12.36849319292742,0.9796162368140164,1.001395640084315,0.0009069940836439933,0.0,1.791671350617662
1659.5369941508975,12.371386866161512,0.9770088675849435,0.9986735453968079,0.0009090978586478328,0.0,1.8125047207036005
1659.5578275205185,12.370253387173658,0.9780293707940457,0.9996600050572579,0.000908255878352616,0.0,1.8333380903245597
1659.578660889674,12.370491341341184,0.9778150455620045,0.9993844228265168,0.000908832424509211,0.0,1.854171459480085
1659.599494258364,12.368520959052088,0.9795911848735563,1.0011432656476993,0.0009077689922693367,0.0,1.8750048281701766
1659.6203276265874,12.368615970928637,0.9795054654105071,1.0009993023756565,0.0009082856660732365,0.0,1.8958381963934698
1659.641160994811,12.368948439046797,0.9792055725982003,1.0006367535877785,0.000908162599244635,0.0,1.9166715646169905
1659.6619943621035,12.368423410081117,0.9796792011011796,1.0010647586666648,0.000907948618226479,0.0,1.9375049319096433
1659.6828277293955,12.369340435605636,0.9788521019030583,1.0001637600997848,0.0009086898859567526,0.0,1.958338299201614
1659.703661095757,12.366862337993195,0.9810887974896788,1.002393446811044,0.0009064203291158218,0.0,1.9791716655631717
1659.724494462119,12.370497358574209,0.9778096264513093,0.9989877512052111,0.0009089658309794915,0.0,2.000005031925184
1659.7453278275484,12.369433735799861,0.9787679901575461,0.9999116748706702,0.000907720081794093,0.0,2.0208383973545097
1659.766161192978,12.369511528470246,0.9786978642396347,0.9997850754088161,0.0009081158467747729,0.0,2.0416717627840626
1659.7869945579419,12.370076543281415,0.9781886844526889,0.9992101528022749,0.0009085117195273748,0.0,2.0625051277479542
1659.807827922441,12.368370651957997,0.979726806856121,1.0007267214207274,0.0009076188976674292,0.0,2.083338492247094
1659.828661286475,12.368208307080714,0.9798733116142626,1.000821923438193,0.0009073803843319624,0.0,2.1041718562810274
1659.8494946500414,12.369408563005365,0.9787906831569961,0.9996620465022246,0.000908349201861007,0.0,2.1250052198474805
1659.8703280131426,12.366554474431316,0.9813670274287729,1.0022393016852067,0.0009070181520914231,0.0,2.145838582948727
1659.8911613757784,12.369390652661316,0.978806829456993,0.999570970370948,0.0009086432863261142,0.0,2.1666719455845396
1659.9119947379481,12.368524900746223,0.9795876285384145,1.0003149341146687,0.0009075538491911265,0.0,2.187505307754236
1659.932828100119,12.369805591737979,0.9784328273731672,0.9990826111375596,0.0009083049064311559,0.0,2.2083386699250696
1659.9536614613585,12.367527004891585,0.9804883775301906,1.0011286095375842,0.0009062323353898272,0.0,2.2291720311645804
1659.974494822597,12.369674333883504,0.9785511201558701,0.9990979295358524,0.0009072107547648027,0.0,2.2500053924031818
1659.995328182905,12.368907957009217,0.9792420832861777,0.999751047239273,0.0009059791424702783,0.0,2.2708387527111427
1660.016161543212,12.368942183375953,0.9792112144892694,0.9996674591001786,0.0009056648305477114,0.0,2.291672113018194
1660.036994902588,12.369459530414101,0.9787447371401713,0.9991395133537596,0.000905196517249466,0.0,2.3125054723941503
1660.0578282619645,12.367731805535222,0.9803034470540948,1.0006791919334195,0.0009036495573165579,0.0,2.3333388317705612
1660.07866162041,12.367229244901317,0.9807573104858921,1.0010911875940594,0.000903030985891098,0.0,2.3541721902161044
1660.099494978855,12.367953658294335,0.9801031582496175,1.0003725609586778,0.0009039123549606283,0.0,2.3750055486611927
1660.1203283368336,12.368204989262026,0.9798763059391619,1.0000903350742816,0.0009042002740713042,0.0,2.3958389066397103
1660.141161694347,12.367846558110601,0.9801998432503312,1.000370294215762,0.0009031666642639508,0.0,2.4166722641530214
1660.1619950513946,12.368950779273204,0.979203461993194,0.9993034563224197,0.0009039546219414602,0.0,2.437505621200671
1660.182828407977,12.368841338825462,0.9793021690879969,0.9993546162305853,0.0009039516865216356,0.0,2.4583389777831144
1660.203661764095,12.367125189908712,0.9808513089955412,1.00088613428254,0.0009024644307915079,0.0,2.479172333901033
1660.2244951197454,12.370206421277752,0.9780716785101599,0.9980008480833331,0.0009049246033722638,0.0,2.5000056895514717
1660.24532847493,12.368938608650465,0.9792144384925157,0.99911832607493,0.0009040972449241396,0.0,2.5208390447360216
1660.26616182965,12.369514783762718,0.9786949298776784,0.9985400249904566,0.000904429048668203,0.0,2.541672399456047
1660.2869951839034,12.36908987294068,0.9790780242707029,0.9988829593668115,0.0009038458369534588,0.0,2.5625057537095017
1660.3078285376923,12.369025968109488,0.9791356530547036,0.9988942983288668,0.0009044365524794719,0.0,2.583339107498432
1660.3286618914815,12.367569742414569,0.9804497836068441,1.000187721769889,0.0009025987494568405,0.0,2.6041724612875896
1660.349495244338,12.369214611305601,0.9789655461420014,0.9986268643042523,0.0009036755929714738,0.0,2.6250058141440604
1660.370328596729,12.36877224067456,0.979364495573992,0.9989873599218532,0.0009029373599975653,0.0,2.6458391665350973
1660.3911619491205,12.36795499006403,0.9801019560507049,0.9996935401457747,0.0009022446490052779,0.0,2.666672518926589
1660.41199530058,12.369405611989082,0.9787933435004158,0.9983131732748635,0.0009029812327231796,0.0,2.687505870386076
1660.43282865204,12.36931971393735,0.9788707838278454,0.9983469266441741,0.0009027975237665592,0.0,2.7083392218460176
1660.453662002569,12.36869085694287,0.9794379087329764,0.998880461435719,0.0009029089975186302,0.0,2.7291725723750915
1660.4744953530985,12.368975940723455,0.9791807696544843,0.9985737695482997,0.00090339032279308,0.0,2.75000592290462
1660.4953287026956,12.36917579966283,0.979000541696179,0.9983459909550113,0.0009032183569446733,0.0,2.7708392725016893
1660.516162052292,12.36850381143637,0.9796066562060701,0.9989204119494958,0.0009025546608335664,0.0,2.7916726220980763
1660.5369954014245,12.366351636748234,0.9815503839461754,1.0008591799076698,0.0009015587252241171,0.0,2.812505971230621
1660.557828749625,12.371792960742514,0.9766435082875943,0.9958130787405,0.0009056369506561201,0.0,2.833339319431161
1660.5786620978256,12.367927985118701,0.9801263339141153,0.9993218582472289,0.0009037811885365818,0.0,2.854172667631701
1660.59949544556,12.369827424727788,0.978413152336937,0.9975332194360823,0.0009053837739052793,0.0,2.875006015366125
1660.6203287928283,12.369570220372422,0.9786449599646222,0.9977281154856779,0.0009059043939384605,0.0,2.895839362634433
1660.6411621391671,12.368148021111088,0.9799277210117648,0.9989947768009093,0.0009048542601050287,0.0,2.9166727089732376
1660.6619954855041,12.369980748495133,0.9782749941009322,0.9972693362330995,0.0009067345759938527,0.0,2.937506055310223
1660.6828288313764,12.367191659929297,0.9807912619871328,0.9997942746218154,0.0009045481172395284,0.0,2.9583394011824566
1660.7036621767834,12.367968460661007,0.9800897961204306,0.9990393826077911,0.0009051286030699526,0.0,2.9791727465894837
1660.745328866199,12.367304449898654,0.9806893793473795,0.9995723975841551,0.000904571399412462,0.0,3.02083943600519
1660.8286622399085,12.36652821384931,0.9813907639320366,1.0001364034338769,0.0009043272208773883,0.0,3.104172809714555
1660.849495582055,12.364223068705934,0.9834765849193835,1.002225478005612,0.0009027025402860273,0.0,3.1250061518610437
1660.8703289237365,12.363837442173152,0.9838259534149227,1.002545410986541,0.0009027700884620886,0.0,3.145839493542553
1660.891162264951,12.365124165244156,0.9826606964059434,1.0013223576222527,0.0009032833815016419,0.0,3.166672834757037
1660.9119956057011,12.367224992665218,0.9807611515844842,0.999351685995028,0.0009045607476480242,0.0,3.187506175507224
1660.9328289464515,12.363788160771627,0.9838706101390824,1.0024854716324614,0.0009015763012211827,0.0,3.208339516257638
1660.95366228627,12.365861724001698,0.9819933852481365,1.000538685952942,0.0009026111262726258,0.0,3.2291728560760475
1660.9744956256225,12.363844924690527,0.9838191732510189,1.0023652913319132,0.0009011268433188139,0.0,3.2500061954285684
1660.995328964975,12.365366750720021,0.9824411655630761,1.0009282245860585,0.0009013879762508035,0.0,3.2708395347810892
1661.0161623033969,12.364249011983448,0.9834530853795976,1.0019265894051408,0.0009008108050425938,0.0,3.2916728732029696
1661.0369956413524,12.364222155103807,0.9834774124746182,1.0019192647234698,0.0008992223060685078,0.0,3.3125062111585066
1661.057828972323,12.363654672809382,0.9839915814728444,1.0024115147989408,0.0008985999076804073,0.0,3.3333395421291243
1661.0786623093486,12.365822720610174,0.9820286624731881,1.0003808563374639,0.0008995441035306261,0.0,3.354172879154703
1661.0994956463735,12.367714366527899,0.9803191927354209,0.9986089258575241,0.0009008599044381615,0.0,3.3750062161795995
1661.120328982466,12.363056026964582,0.9845342776595097,1.0028726776227195,0.0008977081400144691,0.0,3.3958395522720366
1661.1411623185586,12.364932466007819,0.9828342117913097,1.0011114812802093,0.0008973570350630743,0.0,3.416672888364701
1661.16199565372,12.364555846436069,0.9831751959136587,1.0014298961610584,0.0008973010469150631,0.0,3.437506223526043
1661.1828289888826,12.366762494719945,0.9811790216348535,0.999368339625375,0.0008988119729928715,0.0,3.458339558688749
1661.203662323113,12.366253689763347,0.9816389360611752,0.9998089500112189,0.0008980478111794369,0.0,3.479172892918996
1661.224495657344,12.367134016190844,0.9808433353872587,0.9989713475673115,0.0008985745784798821,0.0,3.500006227150152
1661.2453289911084,12.366332496699018,0.9815676874939155,0.9996823849266323,0.0008980564621808883,0.0,3.52083956091451
1661.266162323942,12.368405894776807,0.9796950056010835,0.9977489927142735,0.0008990641103981033,0.0,3.541672893748
1661.2869956567756,12.365574971363353,0.9822527727321395,1.0003283152605105,0.0008972141453846929,0.0,3.562506226581718
1661.3078289886776,12.365009369037884,0.982764599806475,1.0008244250927611,0.0008962235536110338,0.0,3.583339558483658
1661.32866232058,12.367331811414282,0.9806646654163588,0.9986614111850056,0.00089766491909911,0.0,3.604172890386053
1661.3494956520176,12.36715158186305,0.9808274668613052,0.9988032530854855,0.0008970711018143893,0.0,3.6250062218236963
1661.3703289829884,12.367911865271138,0.9801408858875268,0.9980807503777817,0.0008975662317670907,0.0,3.6458395527945413
1661.3911623130275,12.367297459174097,0.9806956937277681,0.9986228471762096,0.0008965934439359132,0.0,3.666672882833609
1661.4119956430666,12.3646528521208,0.9830873575214248,1.0010359328183465,0.0008943364114316392,0.0,3.6875062128726768
1661.43282897264,12.365258868315184,0.9825387890750574,1.0004556110166134,0.0008947133336395382,0.0,3.708339542446083
1661.453662301283,12.366505977293613,0.9814108636337511,0.9992859816914453,0.000895427298373634,0.0,3.7291728710890766
1661.474495629926,12.364006728932491,0.9836725683446745,1.0015682437441606,0.0008935628006960963,0.0,3.75000619973207
1661.495328958103,12.36660364977247,0.9813225801999723,0.9991555531080186,0.000895773395033895,0.0,3.7708395279091746
1661.5161622858145,12.366080378119145,0.9817956435897035,0.9996177853477681,0.0008955818587980147,0.0,3.791672855620618
1661.5369956130594,12.366703891580771,0.9812319826785539,0.9990250525441497,0.0008959256128599974,0.0,3.8125061828654907
1661.557828939374,12.367299719026471,0.9806936525089386,0.998458737591288,0.000896776307796428,0.0,3.8333395091801776
1661.5786622656874,12.36598583379714,0.9818811406419667,0.9996500383838032,0.0008963204631240307,0.0,3.8541728354935003
1661.599495591537,12.366195904620744,0.9816911823206015,0.9994395544895436,0.0008969802702755101,0.0,3.875006161343208
1661.620328916921,12.368737085106162,0.979396207395684,0.997086600090824,0.0008990796467444506,0.0,3.895839486727027
1661.6411622418375,12.367024789243628,0.9809420148932869,0.998644391277111,0.0008979982632276566,0.0,3.9166728116435934
1661.661995566289,12.364110868310496,0.9835782230180934,1.0013128161338842,0.0008960276886754931,0.0,3.9375061360951804
1661.6828288902745,12.366471562512437,0.9814419720883282,0.999123314970727,0.0008976593664086514,0.0,3.9583394600806514
1661.7036622137944,12.366076250918,0.9817993756894408,0.9994729964858806,0.0008972031096849866,0.0,3.979172783600461
1661.724495536384,12.364274484860838,0.9834300124767273,1.0011194253426285,0.0008958962439972716,0.0,4.000006106190085
1661.745328858973,12.36606660909658,0.9818080945442084,0.9994553402983672,0.0008969563969071999,0.0,4.020839428779027
1661.7661621810971,12.365403924838319,0.9824075287010694,1.0000532006020344,0.0008964471658126647,0.0,4.041672750903217
1661.7869955027545,12.366456908679663,0.9814552183847379,0.9990719948266422,0.0008969797972535955,0.0,4.062506072560609
1661.807828823946,12.365517841111409,0.9823044591588698,0.9999253310624853,0.0008964789290026787,0.0,4.083339393752112
1661.8286621446725,12.365812295191873,0.982038092119817,0.9996435717122683,0.0008963903062579611,0.0,4.104172714478636
1661.8494954649325,12.369306386791434,0.9788827993006443,0.9964217976064541,0.0008987703588608418,0.0,4.12500603473859
1661.8703287847275,12.367057171239916,0.9809127588116914,0.99847878412633,0.000897328417794599,0.0,4.145839354533564
1661.891162104058,12.367417508549902,0.9805872646297716,0.9981386799776,0.0008975864508092891,0.0,4.166672673864014
1661.911995422922,12.364980482222219,0.9827907473341794,1.000373454367156,0.000895623743521182,0.0,4.18750599272812
1661.9328287413196,12.366779955948813,0.9811632420618637,0.9987092882731654,0.0008970143939915225,0.0,4.2083393111256555
1661.9536620592514,12.36382019619933,0.9838415807572903,1.0014285515463255,0.000894479443829801,0.0,4.22917262905753
1661.974495376718,12.36666145758842,0.9812703330660062,0.9988050082532283,0.0008969649911056748,0.0,4.2500059465241975
1661.9953286937193,12.3642907782175,0.9834152545128255,1.0009825039727698,0.0008939546077273426,0.0,4.270839263525431
1662.0161620102544,12.36565804079952,0.9821776236652561,0.9997176699024399,0.0008947274350618194,0.0,4.291672580060549
1662.0369953263244,12.365997768200412,0.9818703478720062,0.9994003743838082,0.0008941136380666503,0.0,4.31250589613046
1662.0578286419286,12.363629510921742,0.984014385697665,1.0015787719186924,0.0008920264559204413,0.0,4.33333921173471
1662.0786619575324,12.365013846902862,0.9827605466321495,1.0002992447440424,0.0008923870004984671,0.0,4.3541725273385055
1662.0994952722053,12.364436338341656,0.9832834209690516,1.0008288244025934,0.0008915487617390715,0.0,4.375005842011433
1662.1203285864126,12.36355440554982,0.9840824568574141,1.0016400671284813,0.0008905271279532583,0.0,4.395839156218699
1662.1411619001535,12.365923121790033,0.9819378556295834,0.9994557323727326,0.0008920473936124,0.0,4.416672469959622
1662.1619952134295,12.363734363093055,0.9839193616368733,1.0014717076792703,0.0008903378036080627,0.0,4.437505783235565
1662.18282852624,12.364115480754693,0.9835740445721592,1.0011200785905021,0.0008905411490089985,0.0,4.458339096046075
1662.203661838585,12.365465858861489,0.9823514904893695,0.9998761247528675,0.0008913493271165575,0.0,4.47917240839115
1662.2244951504636,12.364009443535586,0.9836701089284274,1.0012192385226728,0.0008902306396902635,0.0,4.500005720269655
1662.245328461876,12.365611990950757,0.9822192821178395,0.9997441507452225,0.000890950218181226,0.0,4.520839031682044
1662.266161773289,12.364688545538302,0.9830550392008591,1.0005970807383011,0.0008903689762894963,0.0,4.541672343095115
1662.2869950837705,12.36332260093424,0.9842925808337535,1.001859547092014,0.000889266258004671,0.0,4.562505653576636
1662.307828393787,12.364595932547143,0.9831388970941167,1.0006887792259276,0.0008900944793249956,0.0,4.583338963593178
1662.3286617033384,12.363479336852906,0.9841504994825705,1.0017225265883731,0.000888881643951532,0.0,4.604172273144513
1662.3494950124225,12.36635680365716,0.9815457128581627,0.9990758834800899,0.0008906502034434447,0.0,4.625005582228596
1662.370328321042,12.365050550449112,0.9827273247617416,1.0002839087478603,0.0008895508036090997,0.0,4.645838890848154
1662.3911616291955,12.364922057262072,0.9828436340804563,1.0004082288152991,0.0008890175724498054,0.0,4.666672199001596
1662.4119949373485,12.364964925090613,0.9828048294974799,1.0003753007240686,0.0008887937585982154,0.0,4.687505507154583
1662.432828244571,12.364450035987982,0.9832710159451428,1.0008569868239112,0.0008881972043354273,0.0,4.708338814377157
1662.4536615513275,12.36481628872386,0.9829393838561269,1.0005271933797306,0.0008881388799385802,0.0,4.729172121133615
1662.474494857619,12.364191391790563,0.9835052787760301,1.0011116110118568,0.0008874613418157124,0.0,4.750005427425094
1662.4953281634434,12.363656649357079,0.9839897901495782,1.001613805010872,0.0008873103905976946,0.0,4.770838733249548
1662.5161614692684,12.364958018841516,0.9828110810312523,1.0004236352727012,0.0008883039206589103,0.0,4.791672039074456
1662.5369947741624,12.363091874289378,0.984501772215509,1.0021548244330556,0.0008872226199785431,0.0,4.812505343968496
1662.5578280785905,12.364754710000764,0.9829951339254036,1.0006320380919966,0.0008883816992527157,0.0,4.833338648396648
1662.5786613825526,12.364000378224402,0.9836783220770993,1.001338966763322,0.0008884579803007484,0.0,4.8541719523586835
1662.5994946860494,12.363992021773289,0.9836858930611071,1.0013587036012224,0.0008887881548250256,0.0,4.875005255855513
1662.6203279895465,12.36453159098562,0.9831971603867214,1.0008738826610317,0.0008895224617780828,0.0,4.895838559352569
1662.6411612921129,12.367096203908558,0.9808774952234526,0.9985258114676746,0.0008913306640448006,0.0,4.916671861918985
1662.6619945942125,12.364527149949346,0.9832011820110946,1.0009051841621266,0.0008895113717037256,0.0,4.937505164018603
1662.682827895846,12.365272310799156,0.9825266243520756,1.0002329247950021,0.0008901513849522306,0.0,4.958338465652105
1662.7036611974809,12.366390579037509,0.9815151791392072,0.9992183493433764,0.0008907114240309633,0.0,4.979171767286971
1662.7244944981835,12.365977522776946,0.9818886567081948,0.9996142428215338,0.0008902862484797636,0.0,5.000005067989605
1662.7453277984205,12.364628860490193,0.9831090811493413,1.0008730363742668,0.0008893494091282574,0.0,5.020838368226578
1662.766161098192,12.366760011507777,0.9811812657144563,0.9989272383358807,0.000891099638881845,0.0,5.041671667998116
1662.786994397964,12.36356010962469,0.9840772868490446,1.001893238771502,0.0008881356315724404,0.0,5.06250496777011
1662.807827696805,12.364689076764883,0.983054558214007,1.0008700483679964,0.0008886726240947605,0.0,5.083338266611008
1662.8286609951795,12.36583698259785,0.9820157628492893,0.9998311302871071,0.0008896218317997809,0.0,5.104171564985563
1662.849494293088,12.364794406060241,0.9829591948825613,1.0008110066892904,0.0008883040807255091,0.0,5.125004862894002
1662.8703275909966,12.364836385398021,0.9829211900908147,1.0007922480177953,0.0008886295344431965,0.0,5.145838160802668
1662.8911608879735,12.363184216319208,0.9844180437502181,1.0023367861893955,0.0008877322700112553,0.0,5.166671457779557
1662.9119941844865,12.364857079567917,0.9829024557572207,1.0008147177163274,0.0008885459453241902,0.0,5.187504754292604
1662.9328274809984,12.362366508347982,0.9851597245369015,1.003134811513058,0.0008867130668121988,0.0,5.208338050804514
1662.953660776579,12.366392857094214,0.9815131197578592,0.9994439784317303,0.0008892097047072466,0.0,5.229171346385101
1662.974494071694,12.364414538821737,0.9833031636299462,1.0012895588834485,0.0008873723720697681,0.0,5.250004641500027
1662.9953273668084,12.364022100880064,0.9836586415215274,1.0016750369905218,0.000886822709777292,0.0,5.270837936614498
1663.016160660992,12.364904334457133,0.9828596774693589,1.0008854812018686,0.0008874047682515948,0.0,5.2916712307981015
1663.0369939547095,12.365375182015525,0.9824335364358685,1.0004760430780706,0.0008874401405191512,0.0,5.312504524515589
1663.057827248428,12.364842238836863,0.9829158909642516,1.0009924713100424,0.0008865036035284645,0.0,5.333337818234213
1663.0786605412159,12.36442798792723,0.9832909834465682,1.0014002656115073,0.0008856970254731183,0.0,5.354171111021969
1663.0994938335366,12.365553728011834,0.9822719915303847,1.0003888164422217,0.0008863730409784927,0.0,5.3750044033427
1663.1203271258569,12.362938289141788,0.9846410468794045,1.0028285340944743,0.0008845673106297271,0.0,5.395837695662976
1663.1411604172465,12.365620743654539,0.9822113639515897,1.0003814821765276,0.0008866567188802164,0.0,5.416670987052612
1663.16199370817,12.365929457181597,0.9819321259296526,1.0001250832129513,0.0008867177442882666,0.0,5.437504277976132
1663.1828269990945,12.36760086402402,0.9804216803366337,0.9986152220072264,0.0008871335758567173,0.0,5.458337568900561
1663.2036602890864,12.36434169520701,0.9833691370766661,1.0016465786019155,0.0008853168023566181,0.0,5.47917085889253
1663.22449357908,12.36743275747758,0.9805734925926873,0.9988287021617471,0.0008870506776906369,0.0,5.500004148886092
1663.245326868142,12.364274451933845,0.9834300423010921,1.001768751495772,0.0008849386774092775,0.0,5.520837437948103
1663.2661601567374,12.365153557971013,0.9826340944686031,1.0009888049729114,0.0008856247090645649,0.0,5.541670726543543
1663.2869934453329,12.365566157831154,0.9822607462634075,1.0006398790691566,0.0008856332113161467,0.0,5.562504015138984
1663.3078267329975,12.365894857653583,0.9819634179960816,1.0003689379331642,0.0008860379419022087,0.0,5.583337302803557
1663.3286600206611,12.364993831225348,0.9827786641080188,1.0012320212958257,0.0008845868098845,0.0,5.60417059046722
1663.3494933073944,12.365748396074752,0.9820958899655446,1.0005694946588626,0.000885639357670345,0.0,5.62500387720047
1663.370326594128,12.365237744991889,0.9825579048476497,1.0010738480616546,0.0008844661479099263,0.0,5.645837163934175
1663.39115987993,12.364480235679208,0.9832436666977185,1.0018066779385264,0.0008835033349654985,0.0,5.6666704497361025
1663.4119931657315,12.366089577387628,0.9817873250281416,1.0003574850999217,0.0008841039308867801,0.0,5.687503735537575
1663.4328264506016,12.364436983422491,0.9832828367598312,1.0019165760041895,0.0008829674883841752,0.0,5.7083370204077255
1663.4536597350066,12.367487294227466,0.9805242394241814,0.9991413828015878,0.0008848442223335976,0.0,5.729170304812669
1663.4744930194106,12.366906425963773,0.9810489596951418,0.9997122998903419,0.0008841208165906094,0.0,5.750003589216703
1663.495326302884,12.36695689851032,0.9810033547975981,0.9997026240303531,0.0008844901571106612,0.0,5.770836872690097
1663.5161595863574,12.368998056447985,0.9791608245964472,0.9978621271799593,0.0008856607449474852,0.0,5.791670156163491
1663.5369928689,12.366181660449257,0.9817040615717604,1.0004917997764402,0.0008839040832178796,0.0,5.812503438706017
1663.557826151443,12.368498796193556,0.9796111812247331,0.9983971198445547,0.000885750467239569,0.0,5.8333367212489975
1663.5786594335186,12.367234836397557,0.9807522596395926,0.9995989435666004,0.0008845602490543267,0.0,5.854170003324725
1663.5994927146635,12.367863147885783,0.9801848661585401,0.9990599302351245,0.0008853673085776361,0.0,5.875003284469585
1663.620325995809,12.369089934848006,0.9790779684448954,0.9979715204604388,0.0008861174657737395,0.0,5.895836565615127
1663.6411592760226,12.368182719559108,0.9798964045394732,0.9988459841373093,0.0008858359287108211,0.0,5.916669845828665
1663.6619925562359,12.369426795737771,0.9787742464952296,0.9977429227800378,0.0008866800234938576,0.0,5.937503126041975
1663.682825835519,12.367532523508471,0.9804833938832039,0.9995265209557369,0.0008850553606153781,0.0,5.958336405325099
1663.7036591148017,12.368497247193282,0.9796125788193445,0.9986805875777233,0.0008859916178168581,0.0,5.979169684607768
1663.7244923936191,12.367782580503635,0.980257603770536,0.9993804795138739,0.0008856696665915252,0.0,6.000002963425231
1663.7453256715035,12.3678677200417,0.9801807384997405,0.9993448821689743,0.0008854626510223892,0.0,6.020836241309553
1663.7661589493891,12.366617414575893,0.9813101392159406,1.0005396865268523,0.0008846668441766844,0.0,6.0416695191952385
1663.7869922263435,12.36959415711095,0.9786233844565102,0.9978438688436165,0.0008864850685686607,0.0,6.062502796149602
1663.8078255032974,12.367801090206907,0.9802408924159404,0.9995374602641827,0.0008850204846364981,0.0,6.08333607310351
1663.8286587797857,12.370089695237816,0.9781768353341329,0.9974773454016987,0.0008864979034798019,0.0,6.104169349591757
1663.849492055343,12.36828927352177,0.9798002423951779,0.9991778311034119,0.0008851961044189294,0.0,6.125002625149136
1663.8703253309004,12.367670669725673,0.9803586476930053,0.9997929341399595,0.0008849923711893101,0.0,6.1458359007065155
1663.8911586059926,12.36867479081007,0.9794524020287388,0.9989147645154619,0.0008856876384689384,0.0,6.166669175798688
1663.9119918801525,12.371722752487194,0.9767066641936917,0.9961607769963156,0.0008870273777237139,0.0,6.187502449958629
1663.932825154312,12.370112039037958,0.9781567052484609,0.9976865531359977,0.0008861121728678647,0.0,6.208335724118115
1663.9536584280065,12.369803745623548,0.9784344910374076,0.9980172262067571,0.0008854285141330967,0.0,6.2291689978126215
1663.974491701235,12.369274369362344,0.9789116661401162,0.9985516845365232,0.0008847855761382819,0.0,6.250002271041012
1663.9953249735331,12.368913590357728,0.9792370024962064,0.9989317873657266,0.000885303015155661,0.0,6.270835543339217
1664.0161582458304,12.369335873596155,0.9788562148191892,0.9985919761193781,0.0008845926554334182,0.0,6.291668815636513
1664.036991517663,12.370853741827675,0.977488721807281,0.9972458775616242,0.0008853654861553964,0.0,6.312502087469056
1664.0578247890294,12.372426071422744,0.9760741773664121,0.9958520962047626,0.0008862309554811378,0.0,6.333335358835484
1664.0786580599295,12.369979177005128,0.9782764100530584,0.9981488777249488,0.000884409806548792,0.0,6.354168629735568
1664.1203245998674,12.369045406960607,0.9791181229201105,0.9991087196853373,0.0008835439917237835,0.0,6.395835169673546
1664.1828244069816,12.369643226174412,0.978579157279,0.9987131595381337,0.0008840497100829714,0.0,6.4583349767876825
1664.2036576750884,12.367751804057127,0.9802853906981192,1.0005069155011843,0.0008834661275461115,0.0,6.479168244894481
1664.2244909427295,12.367431833041344,0.9805743274898305,1.0008545399596456,0.0008821006995039425,0.0,6.5000015125356185
1664.245324209904,12.367703315189717,0.980329171120608,1.0006574896698806,0.0008823279137246763,0.0,6.520834779710185
1664.266157476614,12.366905731513686,0.9810495871861931,1.0014463549970982,0.0008819005549716338,0.0,6.54166804642
1664.2869907428576,12.368349929848751,0.9797455058730417,1.00016898633851,0.0008827130171386377,0.0,6.562501312663699
1664.3078240086356,12.368478317220504,0.9796296586597606,1.0001048838482118,0.0008829229367224168,0.0,6.583334578441736
1664.328657273949,12.367385343496556,0.9806163150646209,1.0011667936459423,0.0008816976754211798,0.0,6.604167843755022
1664.349490538796,12.369023543579248,0.9791378395403714,0.9997121628247596,0.0008826392421904082,0.0,6.625001108602191
1664.3703238031776,12.36900565169863,0.9791539749161675,0.999783853128198,0.0008822266708906777,0.0,6.6458343729837
1664.391157067093,12.367752287198709,0.9802849544811748,1.0009943127077991,0.0008813565342623221,0.0,6.666667636899092
1664.4119903305425,12.369065148042306,0.9791003205524139,0.9998404860430172,0.0008821283654361513,0.0,6.687500900348596
1664.432823593527,12.368899523554308,0.9792496895776422,1.0000492328007269,0.0008818919992547083,0.0,6.70833416333312
1664.4536568560454,12.368564417341965,0.9795519759888336,1.0004145425988094,0.0008813930467810911,0.0,6.729167425851529
1664.474490118098,12.369463111469262,0.9787415089774766,0.999643604719099,0.0008819357141454228,0.0,6.750000687904048
1664.4953233796855,12.371029811673651,0.977330218909642,0.99825920914696,0.0008826363791923056,0.0,6.770833949491589
1664.516156640807,12.369247397277585,0.9789359847695183,0.9999568003864292,0.0008817023460089928,0.0,6.791667210613014
1664.55782316212,12.37163665340139,0.9767841202874682,0.9978743000755671,0.0008825949207738621,0.0,6.833333731926132
1664.578656421844,12.370456182293935,0.9778467103456647,0.9990180642315684,0.0008818377863667438,0.0,6.854166991650118
1664.599489681104,12.372000964607665,0.9764564221742553,0.9976561491383119,0.0008829537599872125,0.0,6.875000250910034
1664.6203229398966,12.368858309599839,0.9792868620675638,1.0006069194644747,0.0008805422209667922,0.0,6.8958335097026975
1664.64115619869,12.370177425287595,0.9780977995286348,0.9994510430746518,0.0008817548445627959,0.0,6.916666768496043
1664.6619894565515,12.369228237790162,0.9789532597550038,1.0003846309825095,0.0008809343068308994,0.0,6.937500026357611
1664.682822713948,12.368603154632755,0.979517027800986,1.0010204171338606,0.0008800728862217651,0.0,6.9583332837542
1664.70365597088,12.37070058701917,0.9776266168657174,0.9991483173200572,0.0008817182144063297,0.0,6.9791665406860375
1664.7244892278104,12.367763287870268,0.9802750222912547,1.0019152501333934,0.0008794180394655125,0.0,6.9999997976165105
1664.7453224838096,12.371932207141132,0.97651826113237,0.998135815583384,0.0008819616950582213,0.0,7.020833053615661
1664.7661557398085,12.37083509444583,0.9775055101964814,0.9992054758858819,0.0008814847576277241,0.0,7.041666309614584
1664.7869889948765,12.369804567924188,0.9784337500038128,1.000215064866652,0.0008801375584024495,0.0,7.062499564682639
1664.807822249479,12.370571671979844,0.9777427023896628,0.9995696302213163,0.0008810380037484495,0.0,7.083332819285033
1664.8286555040816,12.371215261701353,0.9771632995075517,0.9990384891271386,0.0008811625653395663,0.0,7.104166073887654
1664.849488757753,12.370928510365266,0.977421409981915,0.9993637195030945,0.0008807539460919431,0.0,7.1249993275591805
1664.870322011425,12.371856726598905,0.9765861511867714,0.998571234892096,0.0008809305706216343,0.0,7.145832581231161
1664.8911552641646,12.369640216047728,0.9785818703241266,1.00067366238946,0.0008800986835197508,0.0,7.166665833970683
1664.9119885169034,12.371534564292896,0.9768759692171706,0.9989911586667054,0.0008805202902031654,0.0,7.187499086709522
1664.9328217687116,12.369428889475605,0.9787723590250631,1.000992669302596,0.0008793972383189077,0.0,7.208332338517721
1664.95365502052,12.371549665618584,0.9768623821050219,0.9991015441070342,0.0008800296725658876,0.0,7.229165590326147
1664.974488271397,12.372247144266547,0.976235045694731,0.9985223191168375,0.0008808877703335324,0.0,7.249998841203023
1664.9953215222745,12.369335744994288,0.9788563307614806,1.0012660926222976,0.0008785744619653156,0.0,7.270832092080582
1665.0161547722196,12.369752466129512,0.9784807037457071,1.0009447084376923,0.0008787978944174403,0.0,7.291665342025681
1665.036988022166,12.370782615805481,0.9775527586898453,1.0000582807236231,0.0008797434673255637,0.0,7.312498591972144
1665.057821271646,12.369594243988422,0.9786233061498987,1.0012165709331888,0.0008787559375440121,0.0,7.333331841452036
1665.0786545201954,12.37072430854253,0.9776052575896887,1.0002381642361147,0.0008804852809522339,0.0,7.354165090001516
1665.099487768744,12.372720067927796,0.9758099110122884,0.9984643968059774,0.0008805167609092857,0.0,7.3749983385500855
1665.120321016827,12.370887162558226,0.9774586335738241,1.0002147158350279,0.0008793271453255638,0.0,7.395831586632994
1665.141154263979,12.371197739873782,0.9771790692911572,0.9999920440376847,0.0008790558714162448,0.0,7.416664833785035
1665.1619875111305,12.372150666408931,0.9763217972003577,0.9991782335856094,0.0008799953381481696,0.0,7.437498080936621
1665.182820757816,12.369054677789526,0.9791097625119244,1.0020951777792062,0.0008778798408191778,0.0,7.458331327622091
1665.2036540035715,12.371652835076379,0.9767695625290415,0.9997636974456285,0.0008797716401342625,0.0,7.479164573377602
1665.2244872493266,12.371038643942754,0.9773222685361095,1.000393208181296,0.0008792327744001447,0.0,7.499997819132659
1665.245320494616,12.37091749127416,0.9774313298410596,1.000568637486782,0.0008789031283053334,0.0,7.520831064422055
1665.2661537394395,12.370244783954238,0.9780371205905212,1.0012526857555344,0.0008784092499868517,0.0,7.5416643092455615
1665.286986983331,12.370372327356623,0.9779222355430173,1.0011990376863158,0.0008784392560262141,0.0,7.562497553137064
1665.3703199556394,12.371230084926149,0.9771499586865412,1.0006642213602475,0.0008785617523559409,0.0,7.64583052544549
1665.39115319767,12.370706969728523,0.9776208697162866,1.0012104801799715,0.0008787833643960977,0.0,7.666663767476166
1665.4119864392346,12.372617376915851,0.9759022093494155,0.9995143215847382,0.0008796452206045323,0.0,7.687497009040726
1665.4328196803326,12.37234799332281,0.9761443719101011,0.999826187150155,0.0008798897699929165,0.0,7.708330250138715
1665.453652920965,12.370452072749142,0.977850411532422,1.001637641007458,0.0008787726980429065,0.0,7.729163490771043
1665.4744861611316,12.370560188045427,0.9777530441212932,1.001601901012186,0.0008785643967124853,0.0,7.74999673093771
1665.495319400367,12.370720836848385,0.9776083835348865,1.0015175690280493,0.0008788263115996331,0.0,7.770829970173054
1665.5161526396025,12.370493483981448,0.9778131159000752,1.0017912329850738,0.000878296235988881,0.0,7.791663209408625
1665.5369858783724,12.371577342778915,0.9768374806307515,1.0008554654607058,0.0008793433470716843,0.0,7.8124964481785355
1665.557819116677,12.369140099423822,0.9790327328746502,1.0031684995709125,0.0008775111270385683,0.0,7.833329686483012
1665.5786523545155,12.372755222870335,0.9757783158735843,0.9998974088204365,0.0008803421945491943,0.0,7.854162924321599
1665.599485591423,12.371781697948954,0.9766536394697535,1.0008578981948233,0.0008796856740083655,0.0,7.874996161229092
1665.6203188283305,12.373131516547058,0.9754401899203987,0.9996776820728311,0.0008802409317586941,0.0,7.895829398136584
1665.6411520647716,12.371603549933482,0.9768139023234524,1.0011489161931784,0.000879112715620184,0.0,7.916662634577733
1665.6619853007473,12.370713717758694,0.9776147936596956,1.0020330242586597,0.000878460079861948,0.0,7.937495870553448
1665.682818536258,12.37219050696376,0.9762859722105729,1.0007340153373838,0.0008791952594730069,0.0,7.958329106064184
1665.7036517708366,12.371103359096884,0.9772640171154874,1.0017995804538204,0.0008788898919669566,0.0,7.979162340642688
1665.7244850054153,12.371340779915087,0.9770503395620872,1.0016433921859302,0.0008789743263462274,0.0,7.999995575221419
1665.745318239529,12.371990563214325,0.9764657767080093,1.0011067408804866,0.000878906663949589,0.0,8.020828809335171
1665.7661514727115,12.372056243040252,0.9764067088035293,1.0011086742099797,0.0008793634138170459,0.0,8.0416620425176
1665.786984705894,12.374153736395634,0.9745222458793531,0.9992387475837956,0.0008803137365382624,0.0,8.06249527570003
1665.8078179386096,12.37157306859455,0.9768413261244234,1.0016788597258766,0.0008790675317608616,0.0,8.083328508415661
1665.8286511703946,12.37095724751407,0.9773955400397825,1.0023091770551107,0.0008784913439275296,0.0,8.104161740200652
1665.8494844021789,12.371534773530025,0.9768757809590066,1.0018379262149206,0.0008787054419766332,0.0,8.124994971984961
1665.8703176330325,12.374377850630397,0.974321108838121,0.9992794093645249,0.0008809121117872637,0.0,8.14582820283863
1665.8911508638867,12.371241643975477,0.9771395557319377,1.0022314289695176,0.0008784609720327628,0.0,8.166661433692752
1665.9119840938085,12.374513034326762,0.974199804851913,0.9992772031822885,0.0008806173650916651,0.0,8.187494663614643
1665.932817323731,12.373708582463662,0.9749218837948621,1.000078661738035,0.0008798589738342483,0.0,8.208327893536989
1665.9536505527235,12.37598304126836,0.9728817024980061,0.9980462335555746,0.0008817025765411206,0.0,8.229161122529604
1665.9744837812484,12.37635906443382,0.9725448225866525,0.9977607647364317,0.0008816953638629397,0.0,8.24999435105451
1665.995317009308,12.373794600856082,0.9748446478227085,1.0001802489721632,0.0008800103507785903,0.0,8.270827579114211
1666.0161502373676,12.374860871446867,0.9738877506180013,0.9992581549280347,0.0008807139129824724,0.0,8.291660807173685
1666.036983464495,12.372984819260761,0.9755719936638751,1.001045796042152,0.0008792169056789116,0.0,8.312494034301153
1666.057816691158,12.375041469617416,0.9737257704627431,0.9992103845082498,0.0008807632798336798,0.0,8.333327260964097
1666.0786499173555,12.375498516111966,0.9733159616245768,0.998848607398049,0.000881200042466674,0.0,8.354160487161607
1666.0994831426206,12.375216994853798,0.9735683660852432,0.999166091717661,0.00088079754784898,0.0,8.374993712426658
1666.1203163678865,12.374389758603805,0.9743104228849593,0.9999857868695979,0.0008800676443734793,0.0,8.395826937692618
1666.141149592687,12.375210546099499,0.9735741486333453,0.999287910186414,0.0008807188773232023,0.0,8.416660162493145
1666.161982816556,12.375668195618143,0.9731638631068507,0.9989242193429065,0.0008810640707389067,0.0,8.43749338636212
1666.1828160404245,12.37597254667482,0.9728911062991589,0.9987012515279239,0.0008814409139969748,0.0,8.458326610230642
1666.203649263362,12.373796435078493,0.974843000939808,1.0007617217822145,0.0008796790861414387,0.0,8.479159833168069
1666.224482485834,12.376361302745218,0.972542817628258,0.9984566200534055,0.0008812587859545446,0.0,8.499993055640061
1666.2453157078394,12.37635022406815,0.9725527413488965,0.9985226405421418,0.0008815745359360763,0.0,8.520826277645483
1666.286982150455,12.377017501722113,0.9719552082390192,0.9980195905970851,0.0008816092706337639,0.0,8.562492720261162
1666.3494818099546,12.376884887176452,0.9720739325386264,0.9983039615040046,0.0008815979306420698,0.0,8.62499237976067
1669.661941712944,12.346278003511443,0.9998665753981242,1.0005604865017679,0.0009131518725625929,1.0,11.9374522827502
1669.7452736151636,12.346266035726254,0.9998775967256721,1.000265308566636,0.0009100256924099643,1.0,12.02078418496967
1669.7869395665061,12.345073559195606,1.000976377053103,1.0012155628617587,0.0009094149062506944,1.0,12.062450136312236
1669.8702714691915,12.345179072385221,1.000879105655118,1.000828876945278,0.0009109021623274672,1.0,12.145782038997595
1669.8911044443971,12.346261530007352,0.999881746146789,0.9997610308917474,0.000911194324122784,1.0,12.166615014203217
1669.9119374200675,12.34503214368165,1.0010145601233684,1.0008237725320004,0.0009097309796464468,1.0,12.18744798987359
1669.932770395273,12.345498075586423,1.0005850777530327,1.000325139364822,0.0009089337556449456,1.0,12.208280965079211
1669.953603370945,12.343918715796901,1.0020416320833385,1.0017126107155845,0.0009062838189105702,1.0,12.229113940751176
1669.9744363461505,12.345913372110717,1.0002024249125288,0.9998061085302984,0.0009064009406940699,1.0,12.24994691595657
1669.9952693213554,12.34457450849596,1.0014365742733726,1.00097244393825,0.0009037342465249262,1.0,12.27077989116151
1670.0161022965615,12.344928865413305,1.0011097839605239,1.0005791444945873,0.0009030050779760097,1.0,12.291612866367586
1670.0786012221786,12.343798563060181,1.0021525289163176,1.0014249800843704,0.00090081870698724,1.0,12.354111791984678
1670.0994341969185,12.3464268516625,0.9997295088720964,0.9989396692875387,0.0009025635887088933,1.0,12.374944766724639
1670.1202671721244,12.346198131418891,0.9999401332042223,0.9990866968468419,0.0009024212567066245,1.0,12.395777741930488
1670.1619331216034,12.343818718398406,1.002133925377444,1.0011533051477435,0.0009013070092321692,1.0,12.437443691409499
1670.203599070617,12.343643516723612,1.002295649475903,1.0011919401309368,0.0009007696787097971,1.0,12.479109640423076
1670.224432044892,12.344622151026664,1.0013926318076438,1.00022938156356,0.0009013851420926562,1.0,12.499942614698057
1670.245265019166,12.344282454374358,1.0017059887202628,1.0004824157313605,0.0009007020218791175,1.0,12.520775588972128
1670.2660979934403,12.34248692680551,1.0033639225106314,1.0020788477444167,0.0008992117671841346,1.0,12.541608563246427
1670.2869309672506,12.343829194341211,1.0021242561345909,1.0007819165851295,0.0008991685218912587,1.0,12.562441537056657
1670.3077639410585,12.34311477012583,1.0027838799290536,1.001382353633436,0.0008981454216711786,1.0,12.583274510864612
1670.328596914867,12.34176748724438,1.0040290001897902,1.002567901926225,0.0008970033068914006,1.0,12.604107484673023
1670.3494298886756,12.344263962786261,1.0017230493029299,1.0002081948610861,0.0008981578952032848,1.0,12.62494045848166
1670.370262862018,12.343658900772938,1.0022814478158657,1.0007091179494358,0.0008979382115722782,1.0,12.645773431824182
1670.3910958353615,12.344130573225641,1.0018461248761255,1.0002184433858639,0.0008978981099787872,1.0,12.666606405167613
1670.4119288087045,12.342969655244804,1.0029179167125213,1.001232927007929,0.0008971794351055755,1.0,12.68743937851059
1670.4327617815811,12.344638008099949,1.001378006670964,0.9996406566165289,0.0008985043373865401,1.0,12.708272351387222
1670.4535947544584,12.342798681458023,1.0030758613174255,1.0012810745212088,0.0008973098822474923,1.0,12.729105324264538
1670.4744277273362,12.344904862506178,1.0011319162341656,0.9992867038132479,0.0008991705360263174,1.0,12.749938297142307
1670.495260700214,12.344015307230531,1.0019524904187689,1.0000523587727503,0.0008991003190507172,1.0,12.770771270020077
1670.5160936726256,12.343235295474114,1.0026725691264464,1.0007181533222078,0.0008992522658116777,1.0,12.791604242431731
1670.536926644571,12.34333886773409,1.0025769251657537,1.0005702565686487,0.0009005318884059287,1.0,12.812437214377042
1670.557759616983,12.342573874946423,1.0032835741403525,1.0012235267115503,0.0009011845237017999,1.0,12.83327018678915
1670.5785925889286,12.34332516193516,1.0025895812827912,1.0004795563940536,0.0009018030800821049,1.0,12.854103158734688
1670.599425560409,12.343077210430561,1.0028185705917292,1.0006571012452825,0.0009023771165505614,1.0,12.87493613021502
1670.6202585318886,12.342115674755336,1.0037070671940485,1.0014932014639213,0.0009016878493552975,1.0,12.895769101694668
1670.641091503369,12.342973255806013,1.0029145908020993,1.0006524680874709,0.0009025580006902726,1.0,12.916602073175
1670.66192447485,12.342810377535269,1.0030650557557113,1.000753099506012,0.0009024914037780077,1.0,12.937435044656013
1670.6827574458644,12.344763017614547,1.0012627166293504,0.9989059374607757,0.000903638506963921,1.0,12.958268015670455
1670.703590416414,12.34140019372153,1.0043687104528178,1.0019559876618291,0.0009002362362271879,1.0,12.979100986220146
1670.7244233869624,12.34224781479284,1.003584917984731,1.001125934440061,0.0009013596921220844,1.0,12.999933956768473
1670.7452563575116,12.341500180186365,1.0042762214555685,1.0017678409891637,0.0009006937828601815,1.0,13.020766927317709
1670.766089327595,12.34503060406732,1.0010159796002605,0.9984685992311224,0.0009032590458108938,1.0,13.041599897401056
1670.7869222976785,12.343661574491977,1.002278979614401,0.9996816551579523,0.0009027640105396237,1.0,13.062432867484631
1670.8077552672955,12.3439454348311,1.0020169730040114,0.9993740522382247,0.0009032057842923383,1.0,13.083265837101635
1670.8285882369141,12.344564183424733,1.0014460977221413,0.9987588907693034,0.0009041769815877539,1.0,13.10409880672023
1670.8494212065311,12.342364994976055,1.0034766099830663,1.0007384680287856,0.0009028730153579791,1.0,13.124931776337235
1670.8702541756834,12.342591641547243,1.0032671568993572,1.0004845522017898,0.0009030520900995457,1.0,13.145764745489487
1670.8910871443704,12.343233525320434,1.002674203856852,0.999848641275889,0.0009033600457382728,1.0,13.166597714176532
1670.911920113056,12.34500463084254,1.0010399264152592,0.9981748735885511,0.0009041593858471007,1.0,13.187430682862214
1670.932753081743,12.344117311867596,1.0018583616618648,0.9989472541566974,0.0009029822888556422,1.0,13.208263651549032
1670.9535860499636,12.344281175938635,1.0017071682125458,0.9987531914237814,0.0009020138150585732,1.0,13.229096619769734
1670.974419017718,12.344330684705193,1.0016614921492046,0.9986647255160022,0.0009017861711302337,1.0,13.249929587524093
1670.9952519854726,12.345184657612267,1.000873956961864,0.9978370744345088,0.0009010467920420814,1.0,13.27076255527868
1671.0160849532276,12.344360426105673,1.0016340541698603,0.9985527651699372,0.0008996483434090244,1.0,13.29159552303372
1671.036917920517,12.344157240392281,1.0018215184668067,0.9986979117523901,0.0008987846338183236,1.0,13.3124284903231
1671.0577508873405,12.346278295756882,0.9998663062660782,0.996707495006485,0.0008999429312983469,1.0,13.333261457146591
1671.0785838541651,12.342277997405029,1.0035570195014538,1.0003455146880587,0.0008973984988526276,1.0,13.354094423971219
1671.0994168209895,12.342160136923322,1.0036659650568223,1.000413425974462,0.0008976595901799446,1.0,13.37492739079562
1671.1202497868815,12.341938820888062,1.0038705727799988,1.0005770515403292,0.0008976525094413751,1.0,13.39576035668756
1671.1410827532395,12.341707967728789,1.0040840420659727,1.000749867624385,0.0008977745242556124,1.0,13.416593323045618
1671.1619157191315,12.34228802948558,1.0035477467901814,1.0001757887736316,0.0008984305389278719,1.0,13.437426288937559
1671.182748684558,12.343511497405169,1.0024175303094727,0.9990102017847162,0.0008994402823027085,1.0,13.458259254364066
1671.2035816495195,12.34271281043154,1.003155197863251,0.9997064946991641,0.0008992891621286039,1.0,13.479092219325594
1671.2244146144806,12.343066434027817,1.0028285240503858,0.9993424782258141,0.0008991436702531324,1.0,13.499925184286667
1671.245247579441,12.342713466392764,1.0031545917945646,0.999629271199713,0.0008984726025163895,1.0,13.520758149247058
1671.2660805439355,12.34295465716567,1.002931770856932,0.999369407596291,0.0008980400644007998,1.0,13.54159111374156
1671.286913507966,12.343773123877437,1.002176009979102,0.9985788703947502,0.0008976366273958079,1.0,13.562424077771993
1671.307746471997,12.34329943287683,1.002613340268954,0.9989775052288783,0.0008966834764761637,1.0,13.583257041803108
1671.3285794355604,12.342947976234694,1.0029379422810045,0.9992640992556592,0.0008959355276220898,1.0,13.604090005366515
1671.3494123991245,12.344138875599391,1.001838464019712,0.9981322163374596,0.0008956439623155333,1.0,13.624922968930605
1671.370245362223,12.342511172716264,1.0033415163309498,0.9995935134262048,0.0008943509268572158,1.0,13.645755932029033
1671.3910783248555,12.34427859480247,1.0017095495881152,0.9979318429771755,0.0008957808664128213,1.0,13.666588894661572
1671.411911287488,12.343469471587015,1.0024563318452273,0.9986402739270683,0.0008949037120421267,1.0,13.687421857294112
1671.4327442496551,12.34386609602258,1.0020901968102325,0.9982403095257372,0.000895068238570785,1.0,13.708254819461217
1671.4535772113559,12.343732232146191,1.0022137553205677,0.9983284795396098,0.0008954249915406484,1.0,13.72908778116198
1671.474410173058,12.340345538600783,1.0053448013626176,1.0014126494600133,0.0008925319489371526,1.0,13.749920742864106
1671.4952431347601,12.342307429261378,1.0035298157059314,0.9995704087386468,0.0008942166196316551,1.0,13.770753704566232
1671.5160760955305,12.346133129925517,1.0,0.9960205256426642,0.0008970128220431273,1.0,13.791586665336581
1671.5369090563,12.343196175908204,1.0027086965228826,0.9986846776853687,0.000896027320834596,1.0,13.81241962610602
1671.55774201707,12.344126382327255,1.0018499919696173,0.9977959887133474,0.0008968559469379563,1.0,13.833252586876142
1671.578574976909,12.344330016033055,1.0016621090424573,0.9975756809093075,0.0008972760166923098,1.0,13.854085546715169
1671.5994079372135,12.344218234793331,1.0017652397990686,0.9976454858654048,0.0008973632094398767,1.0,13.874918507019629
1671.620240896586,12.343395398618984,1.0025247254831362,0.998369179596499,0.0008969073585259646,1.0,13.895751466392085
1671.6410738559593,12.344647480927186,1.001369269889938,0.9971861584223615,0.0008974309042655444,1.0,13.91658442576545
1671.6619068148666,12.344756606407369,1.0012686290431034,0.9970538694047747,0.0008975210211622228,1.0,13.937417384672699
1671.682739773309,12.343461083511587,1.0024640765550115,0.9982124095444013,0.0008962988330971378,1.0,13.958250343115196
1671.7035727317516,12.34379920721134,1.0021519343542884,0.9978699870370598,0.0008963785526515317,1.0,13.979083301557694
1671.724405689727,12.339942552679533,1.0057180181671046,1.0013893643854543,0.000893914564467547,1.0,13.999916259533165
1671.7452386477034,12.342802647951803,1.0030721968113692,0.9987238127677207,0.0008966750172215149,1.0,14.020749217509547
1671.7660716052135,12.341979907878056,1.0038325845103067,0.9994499869148624,0.0008955953345952798,1.0,14.041582175019585
1671.786904562258,12.344158035278438,1.0018207850163035,0.9974163540725971,0.0008977589086682065,1.0,14.062415132064189
1671.8077375188375,12.342917950067593,1.0029656790355927,0.998525794555811,0.0008973440509081045,1.0,14.083248088643586
1671.828570475416,12.339670505716208,1.0059700469859,1.0014865838239952,0.000895347522124615,1.0,14.104081045222074
1671.84940343153,12.343076123005178,1.002819574970978,0.9983202149369778,0.0008982002192783453,1.0,14.124914001336037
1671.8702363871776,12.342534520095558,1.0033199409768487,0.9987885995641776,0.0008981911792267479,1.0,14.145746956983658
1671.8910693428256,12.339911398932253,1.0057468763136355,1.0011750050950081,0.0008964133581500502,1.0,14.166579912631732
1671.911902298009,12.343350289770779,1.002566378027197,0.9979796981172182,0.0008988140238031686,1.0,14.187412867815056
1671.9327352527255,12.3399764703269,1.0056866007232232,1.0010564609443253,0.0008958569037763989,1.0,14.20824582253158
1671.953568207441,12.341926659616988,1.0038818171416395,0.9992311149074444,0.0008965444651226176,1.0,14.229078777247196
1671.9744011612265,12.341214884113532,1.004540147174912,0.9998577434873254,0.0008955135607944278,1.0,14.249911731032626
1671.995234115011,12.345111737086835,1.0009411802021528,0.9962471600016167,0.0008971478946035343,1.0,14.270744684817146
1672.016067068797,12.34358807836068,1.0023468286190214,0.9976179562125846,0.000895183033322833,1.0,14.29157763860303
1672.0369000221156,12.343897482789508,1.0020612285242922,0.9973057191355822,0.0008947587864007435,1.0,14.312410591921662
1672.0993988792811,12.343072723193446,1.0028227151472737,0.997980627769449,0.0008936954262556964,1.0,14.374909449087227
1672.120231831204,12.341287849767122,1.0044726404774176,0.999595259917534,0.0008922744662107475,1.0,14.395742401010011
1672.1618977336516,12.341169950394216,1.0045817214162904,0.9996497050133528,0.0008917687739021735,1.0,14.437408303457687
1672.224396585228,12.339723631332681,1.0059208255717171,1.000902276858393,0.0008905564829841105,1.0,14.49990715503418
1672.2452295348214,12.339659446697592,1.0059802935799511,1.0009351356469953,0.000890846083114335,1.0,14.52074010462752
1672.2660624844161,12.339987363745156,1.0056765105099912,1.000606750915448,0.0008903909253151152,1.0,14.541573054222226
1672.2868954335454,12.340557464345421,1.0051485864325633,1.0000555263374897,0.0008901016563303064,1.0,14.562406003351498
1672.3077283822086,12.337931192813578,1.0075828686833046,1.002451584536799,0.0008875723807184082,1.0,14.583238952014653
1672.3285613304056,12.339449274381117,1.0061750459266245,1.0010252424922175,0.0008880429112424756,1.0,14.604071900211693
1672.3493942786026,12.340650473644903,1.0050624843377036,0.9998928939506965,0.0008890103341776028,1.0,14.624904848408733
1672.370227225868,12.33959038833876,1.0060442810910983,1.0008442694571316,0.0008879415417272982,1.0,14.645737795673995
1672.3910601731345,12.338642320231981,1.0069231456291095,1.0016933402089339,0.0008865074271887854,1.0,14.666570742940621
1672.4118931204005,12.338545331627946,1.0070130978955496,1.0017577142266874,0.0008867545606959724,1.0,14.687403690206565
1672.4535590130695,12.340640615964192,1.0050716096021994,0.9997766367583732,0.0008886123725874789,1.0,14.729069582875582
1672.5160578492796,12.339767389093037,1.0058802853785729,1.0005074426279807,0.0008880081546329904,1.0,14.791568419085706
1672.536890794217,12.340329875691149,1.0053593046446172,0.9999649307490234,0.000889130858290277,1.0,14.812401364023117
1672.5577237386897,12.340941982472387,1.0047926717838416,0.9993772391367908,0.0008899230850025246,1.0,14.833234308495776
1672.5785566826955,12.337932286873361,1.0075818533765153,1.0021272975931474,0.0008882705936543634,1.0,14.854067252501636
1672.599389626236,12.340521560000441,1.005181826365219,0.9997163718875248,0.0008903753511879814,1.0,14.874900196042063
1672.6202225693105,12.339840031340437,1.0058129882212261,1.0003202857606357,0.0008899468697341124,1.0,14.8957331391166
1672.6410555123855,12.340051679920483,1.0056169386261842,1.0001016149481474,0.0008908149626492621,1.0,14.916566082191594
1672.661888454995,12.340983972277417,1.0047538131436282,0.9992196787765523,0.0008904393391723878,1.0,14.937399024801152
1672.682721397139,12.340261844628435,1.00542230135086,0.9998610222218083,0.0008898416095062254,1.0,14.95823196694505
1672.7035543388174,12.338686925197017,1.0068817793663556,1.0012890355902706,0.0008889231724619037,1.0,14.979064908623513
1672.724387280496,12.33881160325184,1.0067661630190436,1.0011507623699776,0.0008890478523701961,1.0,14.999897850302204
1672.7452202212426,12.340567184011878,1.0051395882383174,0.9995101108102198,0.0008903696792763887,1.0,15.020730791048663
1672.7660531619886,12.337904896455884,1.0076072724751919,1.0019408880559577,0.0008886918276040302,1.0,15.041563731794668
1672.7868861022696,12.339436378561583,1.0061869968303654,1.0005056061294557,0.0008902894733276977,1.0,15.062396672075693
1672.8077190420845,12.341676094962615,1.0041135182918677,0.9984209940375215,0.0008917225892683299,1.0,15.083229611890602
1672.8285519819,12.340368051738574,1.0053239553861388,0.9996018047428199,0.0008912398984273827,1.0,15.104062551706193
1672.8493849207835,12.33849888909952,1.007056173952599,1.0013014133494438,0.0008906878844463607,1.0,15.124895490589552
1672.8702178596682,12.338917524714068,1.0066679504494092,1.000892808567978,0.0008910338120048794,1.0,15.145728429474275
1672.891050798087,12.339818895843745,1.005832568082252,1.000039690568601,0.0008917086269259097,1.0,15.16656136789311
1672.9118837360395,12.338906203879318,1.006678446904145,1.0008582332272804,0.0008912335033806084,1.0,15.1873943058456
1672.9327166739927,12.33949922960177,1.0061287524163727,1.0002893323088,0.0008909701835114914,1.0,15.208227243798774
1672.9535496110134,12.337679116214558,1.007816827492344,1.0019452780112956,0.0008901388915464187,1.0,15.229060180819488
1672.9743825480346,12.341005886122346,1.0047335340031163,0.9988577368814283,0.00089111803148508,1.0,15.249893117840656
1672.995215484591,12.339128794282974,1.0064720855494687,1.000563976554487,0.0008892623308812767,1.0,15.270726054397073
1673.0160484206806,12.33938387559617,1.006235654209735,1.0003068687417562,0.0008890262330811304,1.0,15.291558990486692
1673.0368813563045,12.338459997895924,1.007092247473947,1.0011363846631571,0.0008877639361584371,1.0,15.31239192611065
1673.057714291464,12.340210946156065,1.005469435874448,0.9995012282701322,0.0008884742435498721,1.0,15.333224861270082
1673.078547226623,12.338728410685336,1.0068433076048922,1.000845063013222,0.0008869486818120629,1.0,15.35405779642906
1673.0993801608506,12.339563904492502,1.006068821349506,1.0000533857419387,0.0008871631734088548,1.0,15.374890730656716
1673.1202130950776,12.339079220237336,1.0065180414934516,1.0004781802418412,0.0008867625258492218,1.0,15.39572366488369
1673.141046028839,12.3405910697833,1.0051174758041361,0.9990643178975819,0.0008875517671783772,1.0,15.416556598645002
1673.1618789621355,12.341510725599369,1.0042664672850354,0.998196841365235,0.0008879162668121485,1.0,15.437389531941562
1673.182711895431,12.338393414582708,1.0071540098011194,1.0010453148778065,0.0008855917238408669,1.0,15.458222465237213
1673.2035448277961,12.336683555925248,1.0087413638147442,1.0026014650586157,0.0008847141666475235,1.0,15.479055397602224
1673.2243777601605,12.339618679111624,1.0060180671734678,0.9998732570300457,0.0008867143759373697,1.0,15.499888329966552
1673.245210691594,12.339551050259459,1.0060807324560748,0.9999140888991096,0.0008868389082787102,1.0,15.520721261400013
1673.266043623028,12.338582386864848,1.0069787299966206,1.000785194918637,0.0008855979749200032,1.0,15.541554192834155
1673.286876554462,12.33722545950709,1.008238014878631,1.0020153657550332,0.0008844536854065256,1.0,15.56238712426807
1673.307709484964,12.33800379768795,1.007515492297285,1.0012759648209693,0.000884488468859913,1.0,15.583220054770209
1673.3285424149994,12.338682232654138,1.0068861311104658,1.0006292445544882,0.0008844784521520389,1.0,15.604052984805548
1673.349375345036,12.339167940754892,1.006435797618032,1.000160477994305,0.0008844808487288043,1.0,15.624885914842025
1673.370208274142,12.340843495092148,1.0048838208916477,0.99859703944515,0.0008852600975183828,1.0,15.645718843948089
1673.3910412032465,12.339263246871276,1.006347456382796,1.0000303717251489,0.0008834169648651663,1.0,15.66655177305256
1673.411874131886,12.339468962847025,1.0061568003680912,0.9998197932363077,0.000883575986406074,1.0,15.687384701692054
1673.4327070600596,12.337232688198581,1.0082313021824312,1.0018601045294648,0.0008819179009894065,1.0,15.708217629865658
1673.4535399877682,12.338167719436417,1.0073633915993803,1.0009766245494398,0.0008830323618043501,1.0,15.729050557574283
1673.474372915477,12.336132767932364,1.0092532225697421,1.002833388767088,0.0008819258475954348,1.0,15.749883485283135
1673.4952058422534,12.34050223063241,1.0051997217824753,0.9987847170577402,0.0008849022745853912,1.0,15.770716412059528
1673.51603876903,12.339292925679006,1.0063199480577278,0.9998768388460875,0.0008839924911676571,1.0,15.791549338836148
1673.536871695342,12.336413005185172,1.0089927598054105,1.002511549612666,0.0008826209106854406,1.0,15.812382265148017
1673.5577046211865,12.34024138635221,1.0054412464692644,0.9989619582475855,0.0008859343831316669,1.0,15.833215190992632
1673.5785375465666,12.338154399965443,1.0073757496930824,1.0008631018425533,0.0008847133965552411,1.0,15.854048116372724
1673.5993704714806,12.338612286888944,1.0069509992517305,1.0004202138213159,0.0008856397467251737,1.0,15.874881041286699
1673.6202033959285,12.337943445376565,1.0075714981470267,1.0010158075915618,0.0008854366920589495,1.0,15.895713965734558
1673.6410363199125,12.340462440602332,1.0052365609888132,0.9986752679972298,0.0008878632210652644,1.0,15.916546889718575
1673.6618692438956,12.338970855632994,1.0066185045452303,1.000027384000692,0.0008868673457887686,1.0,15.937379813701682
1673.6827021674126,12.337979049826016,1.0075384574875037,1.0009204876897178,0.0008861463725183766,1.0,15.958212737218673
1673.7035350899985,12.337385007896845,1.0080898656944315,1.0014474675156035,0.0008858355230020618,1.0,15.97904565980457
1673.724368012584,12.336327051451445,1.009072641205364,1.0024029563648942,0.0008852488305287981,1.0,15.99987858239001
1673.7452009347044,12.336916686402635,1.0085247890070885,1.0018379264151285,0.0008858653145959021,1.0,16.020711504510473
1673.7660338568244,12.337346291786318,1.0081258136662945,1.0014207991968036,0.0008860647654383449,1.0,16.04154442663048
1673.786866778013,12.33954785878419,1.0060836897918262,0.9993715179896375,0.0008877643059094846,1.0,16.062377347819165
1673.8076996987365,12.336183812045048,1.0092057752947663,1.0024519935611225,0.0008857430579554331,1.0,16.083210268542643
1673.82853261946,12.337728469089999,1.007771017536205,1.0010061019963539,0.0008865980692582884,1.0,16.10404318926612
1673.8493655392526,12.337993035786294,1.0075254789186547,1.0007414672611024,0.000886919955727793,1.0,16.124876109058732
1673.8701984590446,12.338238839121683,1.0072974077806174,1.0004942004059367,0.000887255326311634,1.0,16.14570902885066
1673.89103137837,12.337985676346944,1.0075323082458445,1.00070680121506,0.0008868575211240884,1.0,16.166541948176018
1673.911864297231,12.338684312682586,1.0068842021430233,1.000042386717768,0.000887166726703528,1.0,16.18737486703708
1673.9326972156255,12.340317037668205,1.005371192340791,0.9985189613009315,0.0008880110937941176,1.0,16.20820778543157
1673.953530133555,12.338176721265212,1.007355039593474,1.0004685804589981,0.0008857005679853567,1.0,16.22904070336108
1673.9743630510175,12.339378049545159,1.0062410536759725,0.9993415045798802,0.0008861050904853651,1.0,16.249873620823564
1673.995195968481,12.339509451645915,1.00611927990909,0.9991998563876378,0.000885586969196979,1.0,16.270706538287186
1674.0160288850145,12.338130510276894,1.0073979154434485,1.0004489930642517,0.0008843017779531036,1.0,16.291539454820622
1674.0368618015475,12.340320177190849,1.0053682852063996,0.998412663384793,0.000884958630786764,1.0,16.312372371353604
1674.057694717614,12.339846997305875,1.0058065350551573,0.9988272029930986,0.0008843940173611847,1.0,16.333205287420014
1674.078527632749,12.338413494703516,1.0071353831889758,1.000126081118918,0.0008827633703592323,1.0,16.354038202555103
1674.0993605478845,12.338351035683194,1.0071933222154896,1.0001629044994431,0.0008830060594090634,1.0,16.374871117690645
1674.120193462554,12.339977653977423,1.0056855043419675,0.9986448866291425,0.0008836157040019236,1.0,16.395704032360072
1674.1410263767575,12.33841069963518,1.007137975914382,1.000066443168082,0.0008825962083979367,1.0,16.41653694656361
1674.161859290961,12.338688835613734,1.0068800077001974,0.9997895532772891,0.0008826444095171716,1.0,16.43736986076715
1674.182692204234,12.33865244251999,1.006913758156788,0.9998023110601562,0.000882662196255097,1.0,16.458202774040046
1674.2035251170414,12.336629118574898,1.0087919420154647,1.001646407530418,0.0008812917513949256,1.0,16.47903568684751
1674.224358029849,12.337276581419795,1.0081905430874882,1.0010284740623823,0.0008819979657711288,1.0,16.4998685996552
1674.2451909417246,12.339711654608003,1.0059319219164577,0.99876512875258,0.000883419201494859,1.0,16.52070151153066
1674.2660238535996,12.33794280930247,1.0075720884288213,1.0003727929264126,0.0008823641100036208,1.0,16.541534423405665
1674.28685676501,12.338099417250742,1.0074267654514961,1.0002076878581416,0.0008816324201487082,1.0,16.562367334816145
1674.3076896759544,12.337198494468263,1.0082630555051744,1.0010171260944611,0.0008807842263200836,1.0,16.58320024576051
1674.3285225864324,12.339448462179666,1.0061757986114244,0.9989240469483898,0.000882393966463349,1.0,16.60403315623853
1674.349355496446,12.339542814687563,1.0060883638508766,0.9988164226074402,0.0008812122199448996,1.0,16.624866066252025
1674.3701884059935,12.33833934249448,1.0072041695695313,0.9999032844105145,0.0008799898219024008,1.0,16.645698975799633
1674.391021315076,12.338108426939709,1.0074184056269704,1.0000950998235154,0.000879616418839575,1.0,16.666531884882033
1674.4118542241574,12.337678979812992,1.0078169541048698,1.0004698315996665,0.0008793674734172903,1.0,16.687364793963525
1674.432687132307,12.340735699169612,1.004983594442113,0.9976362676968678,0.0008813991966183673,1.0,16.70819770211301
1674.453520040458,12.336449308222317,1.008959023351651,1.0015616467724286,0.0008785353813161625,1.0,16.72903061026409
1674.4743529476764,12.337211345117089,1.0082511218902541,1.000837987333501,0.0008790096557962536,1.0,16.74986351748248
1674.4951858548957,12.33685195084855,1.0085849227275219,1.0011483501431315,0.0008803410483151794,1.0,16.770696424701782
1674.5160187616484,12.336545178813182,1.0088699361251061,1.0014102436178518,0.0008795906706320558,1.0,16.791529331454512
1674.536851667936,12.337384519981914,1.008090318716267,1.0006153894665037,0.0008806673367953016,1.0,16.812362237742036
1674.5576845737592,12.336867883704194,1.008570122152575,1.001070572936503,0.0008808638728014284,1.0,16.833195143565263
1674.5785174791165,12.337338350752988,1.0081331870871384,1.0006158494000617,0.0008819897906897532,1.0,16.8540280489226
1674.5993503840064,12.336683002440017,1.0087418780497717,1.001198922667481,0.000881975046049433,1.0,16.87486095381246
1674.620183288432,12.335328887625343,1.0100007514922158,1.0024272636568217,0.0008818631242650852,1.0,16.89569385823802
1674.6410161923916,12.33810413526013,1.0074223877411568,0.9998471176892443,0.0008844895469931074,1.0,16.91652676219769
1674.6618490963501,12.338912244475235,1.0066728461691103,0.9990821201829864,0.0008851530192367955,1.0,16.937359666156226
1674.6826819993785,12.337372167553195,1.008101787832416,1.0004791733099385,0.0008843551070231958,1.0,16.958192569184575
1674.70351490194,12.336202136251792,1.0091887428525026,1.0015367368475214,0.0008836783158388229,1.0,16.979025471746127
1674.724347804503,12.335814931043238,1.009548713186904,1.00187276884811,0.0008828103134254729,1.0,16.999858374309042
1674.7451807066,12.335980242222504,1.0093950138047367,1.0016990036777922,0.0008835373770540001,1.0,17.02069127640607
1674.766013608232,12.339299122803912,1.0063142042383841,0.9986205220451984,0.0008857724072564491,1.0,17.041524178038117
1674.7868465089314,12.336797143410696,1.0086358368910693,1.0009031586217942,0.0008838209602743832,1.0,17.062357078737477
1674.807679409631,12.336595132694582,1.0088235198689548,1.0010681460325837,0.0008840700479161869,1.0,17.083189979437066
1674.828512309865,12.336732824433238,1.0086955902151176,1.0009199245409017,0.000884453652941795,1.0,17.104022879670993
1674.8493452096336,12.336655708648227,1.0087672366375517,1.0009697427580457,0.0008846183414882837,1.0,17.124855779439713
1674.870178108936,12.337016622421775,1.008431964144262,1.0006157273187937,0.0008851165797289886,1.0,17.14568867874209
1674.891011008239,12.335767837144818,1.0095925033962196,1.001745913216278,0.0008839231751514008,1.0,17.16652157804515
1674.911843906611,12.337155487111088,1.0083029948458733,1.000445111602897,0.0008846743590455495,1.0,17.187354476417113
1674.9326768045175,12.337449048394342,1.0080304068016257,1.0001532580563273,0.0008846043879127607,1.0,17.208187374323643
1674.9535097024225,12.33663033207102,1.0087908145183613,1.0008863629896552,0.0008834897263415937,1.0,17.22902027222858
1674.974342599397,12.337859451387645,1.007649448225974,0.9997325452549094,0.0008839313602227941,1.0,17.249853169203107
1674.995175496372,12.339006530732421,1.0065854296370729,0.9986555078761143,0.000884076318724994,1.0,17.270686066178087
1675.0160083924145,12.338104178053593,1.007422348034375,0.9994644153991585,0.0008830452290110729,1.0,17.291518962220607
1675.036841288458,12.337782357907447,1.007720999640107,0.9997392996176274,0.0008827682921099308,1.0,17.312351858264037
1675.057674184035,12.338746217180631,1.0068267951191465,0.9988307376693227,0.000882821970250747,1.0,17.333184753841124
1675.0785070791467,12.336638989123738,1.0087827710171797,1.0007496913781115,0.0008810508227573503,1.0,17.354017648952777
1675.099339973794,12.335498306511052,1.0098431627045088,1.0017801218073625,0.0008803452508705602,1.0,17.374850543600132
1675.1201728679746,12.338395685983125,1.0071519027997742,0.9990888616488361,0.0008824194691003113,1.0,17.39568343778069
1675.1410057616895,12.336390914562658,1.009013289198122,1.0009138115225023,0.0008801322468767398,1.0,17.416516331495586
1675.161838654939,12.339682166693901,1.0059592427673147,0.9978627969981675,0.0008827024601267402,1.0,17.43734922474505
1675.1826715477225,12.340294355405199,1.005392195906766,0.9972788216162444,0.0008828594424997258,1.0,17.458182117528622
1675.20350444004,12.338365846396538,1.0071795830127561,0.9990302477057991,0.0008817161203683684,1.0,17.47901500984608
1675.2243373323574,12.338310226211076,1.007231180214604,0.9990598754283282,0.0008811759456787015,1.0,17.499847902163538
1675.245170223744,12.338842061450038,1.0067379205665126,0.9985490473915446,0.000881801219732446,1.0,17.520680793550127
1675.2660031095434,12.338266812240816,1.007271455908248,0.9990566771609753,0.0008810775511677133,1.0,17.541513679349464
1675.2868359999995,12.337267591680003,1.0081988907949,0.9999549267425655,0.0008801973231243713,1.0,17.56234656980564
1675.307668890454,12.338467292964415,1.00708548083744,0.9988290537556049,0.0008806649861325994,1.0,17.58317946026
1675.3285017804435,12.337595454852014,1.0078944877722116,0.9996098001699018,0.000879440951937191,1.0,17.604012350249604
1675.3493346695009,12.337309715136275,1.0081597763231922,0.9998512753381177,0.000878730773783488,1.0,17.62484523930698
1675.37016755856,12.338310639946911,1.007230796394342,0.9989083247111802,0.0008795281760159543,1.0,17.64567812836617
1675.3910004471525,12.339348083514453,1.006268826044887,0.9979326830441303,0.0008797951199445881,1.0,17.666511016958566
1675.411833335279,12.337662501386454,1.0078322500520767,0.9994615176200259,0.0008786689464816654,1.0,17.687343905085072
1675.4534991101375,12.338157006801051,1.0073733310026032,0.9989631278025974,0.000879038501178049,1.0,17.7290096799436
1675.474331996867,12.335427062106088,1.0099094292943618,1.0014563440358808,0.000877482908552738,1.0,17.749842566673124
1675.4951648831304,12.334610939941644,1.0106688396490173,1.0021876735636757,0.0008773251155653965,1.0,17.77067545293653
1675.5159977689295,12.335013196526148,1.0102944642790221,1.0017947021467266,0.0008778793579129207,1.0,17.79150833873564
1675.536830654728,12.337007023238003,1.0084408799071292,0.9999350375803921,0.0008801328184182854,1.0,17.812341224534066
1675.5576635395955,12.335176944465363,1.0101421057583326,1.0016001668884649,0.0008793163000196594,1.0,17.833174109401625
1675.578496423997,12.334998672232881,1.0103079794507273,1.0017429323944977,0.0008794978888536309,1.0,17.85400699380307
1675.5993293083989,12.336258042166444,1.009136779800203,1.0005599601739652,0.0008806237549384271,1.0,17.874839878204966
1675.6201621918694,12.33479904078042,1.0104937591932277,1.0018836839354885,0.0008801711122234878,1.0,17.89567276167554
1675.64099507534,12.335485054161547,1.009855488789016,1.001229122051168,0.000881058781657283,1.0,17.916505645146117
1675.6618279583445,12.334162558873405,1.0110863060257855,1.0024277143481384,0.0008803683373321788,1.0,17.937338528150576
1675.6826608404176,12.337125544152931,1.0083308026969653,0.9996741498364862,0.0008822072663046146,1.0,17.958171410223713
1675.703493722491,12.335325312249948,1.0100040774730255,1.0013113511792193,0.0008806056506757805,1.0,17.979004292297077
1675.7243266040985,12.337279950688758,1.008187414463961,0.9994887070214651,0.0008820475902983797,1.0,17.999837173904552
1675.7451594852405,12.33667835307539,1.0087461977167653,1.0000209972065857,0.000881441203760298,1.0,18.020670055046594
1675.7659923659164,12.335741797084754,1.0096167175327488,1.000862312591655,0.0008808757570289823,1.0,18.04150293572252
1675.786825246128,12.335174109229815,1.0101447435947926,1.001364119282446,0.0008805908453993654,1.0,18.062335815934148
1675.807658125874,12.334721201942077,1.0105662063305616,1.0017602547394922,0.0008807328072416611,1.0,18.083168695680115
1675.8284910051525,12.334587351373203,1.0106907975518367,1.001862109614162,0.0008804319343074782,1.0,18.104001574958602
1675.849323883966,12.336077954475321,1.0093041760650532,1.000466024979957,0.0008819529114131095,1.0,18.12483445377211
1675.8701567623145,12.336299557114415,1.0090981944976327,1.000240254596466,0.0008819363615647648,1.0,18.145667332120638
1675.890989640196,12.336262270358336,1.0091328499177667,1.000253035629859,0.0008819858245456255,1.0,18.16650021000214
1675.9118225180791,12.334798252197661,1.0104944931267938,1.0015811283609795,0.0008811428739930767,1.0,18.187333087885236
1675.9326553950295,12.337201548318056,1.0082602195680654,0.9993450501017803,0.0008820199093254735,1.0,18.208165964835644
1675.9534882715157,12.335619034254803,1.009730880081804,1.0007812005726342,0.0008805596426191505,1.0,18.228998841321754
1675.974321148002,12.336448554468381,1.0089597238045742,0.9999954200021314,0.0008803965834263623,1.0,18.249831717808092
1675.9951540235554,12.335007503612786,1.010299761637542,1.0013020428581236,0.0008791538962691615,1.0,18.270664593361516
1676.01598689911,12.335120047785882,1.0101950424084298,1.0011768241946002,0.0008785151099329096,1.0,18.291497468916077
1676.0368197741975,12.336185809166007,1.0092039189468407,1.000173160732234,0.0008786443158765839,1.0,18.312330344003612
1676.0576526483546,12.33420843158452,1.011043588199829,1.0019749270614435,0.0008772984601763577,1.0,18.333163218160735
1676.078485522512,12.335019078288667,1.0102889912221298,1.0012057559256886,0.000876954520323035,1.0,18.353996092318084
1676.0993183962034,12.335460399138135,1.0098784209647176,1.0007775513720687,0.0008769594319437055,1.0,18.374828966009545
1676.1201512694295,12.337879825790429,1.0076305393390799,0.9985286869262142,0.000878418722907932,1.0,18.395661839235572
1676.1409841421896,12.336368235653781,1.0090343657352554,0.9998986078840921,0.00087696845917829,1.0,18.41649471199571
1676.161817014484,12.33559219606961,1.0097558398088262,1.0005923254819318,0.000876188950364086,1.0,18.437327584290188
1676.182649886313,12.336327882090641,1.0090718692176899,0.9998934119653217,0.0008763705110502229,1.0,18.458160456119003
1676.2034827576765,12.335034533154069,1.0102746104092033,1.001064053617506,0.0008752614989835235,1.0,18.478993327482613
1676.2243156285735,12.334738248586083,1.0105503400206293,1.0013161863905338,0.0008753096442897766,1.0,18.49982619837965
1676.2451484990056,12.335550281600383,1.0097948218348831,1.000546512931447,0.0008759692638527179,1.0,18.52065906881171
1676.265981368972,12.335688558785968,1.009666224580644,1.0003980823196403,0.0008758106701191316,1.0,18.54149193877811
1676.2868142389384,12.338014222437177,1.007505818634492,0.9982365939228851,0.0008772204856643659,1.0,18.562324808744506
1676.3076471079735,12.336227252315503,1.009165397812076,0.9998600386008321,0.0008756003631537248,1.0,18.58315767777958
1676.3284799770076,12.334835384037921,1.0104599351205918,1.001121761975723,0.0008742743882853475,1.0,18.603990546813748
1676.3493128451114,12.33533116355484,1.0099986343222402,1.0006439313528945,0.0008742003054420478,1.0,18.6248234149175
1676.3701457132145,12.335135793780672,1.0101803920629198,1.0008032467560068,0.0008736932440178999,1.0,18.64565628302057
1676.3909785803871,12.336913177780884,1.0085280481207788,0.9991455758693927,0.0008751372940696896,1.0,18.66648915019323
1676.4118114475584,12.335836117905222,1.009529013226207,1.0001166179612995,0.0008735214188802112,1.0,18.687322017364522
1676.4326443138002,12.336365206169706,1.009037181205343,0.9996088158199709,0.0008741306747627734,1.0,18.708154883606312
1676.453477180042,12.334530290925002,1.0107439154133393,1.0012790792842108,0.000872938541519031,1.0,18.728987749848102
1676.4743100458165,12.334907035058837,1.0103932540089957,1.0009112380746552,0.000873321352224362,1.0,18.74982061562264
1676.495142911126,12.33495827386842,1.0103455719608847,1.0008436230758424,0.0008730259966135633,1.0,18.770653480932197
1676.51597577597,12.334764123790695,1.010526256928322,1.001002277241722,0.0008730104890592722,1.0,18.791486345776093
1676.5368086403485,12.335932331379947,1.0094395568828927,0.9999055914380915,0.0008744981308219865,1.0,18.812319210154556
1676.5576415042606,12.334342361804554,1.0109188793264177,1.0013507593792677,0.0008735642390939952,1.0,18.833152074066675
1676.5784743677075,12.33599572265274,1.009380621950043,0.9998070061244929,0.0008747480059790656,1.0,18.853984937513587
1676.5993072306885,12.334085903455131,1.0111576935133217,1.0015471996764236,0.0008736490399802946,1.0,18.87481780049461
1676.620140093205,12.335653681356948,1.0096986589118726,1.000082098003776,0.0008753635091434224,1.0,18.89565066301111
1676.640972955255,12.33406012985377,1.0111816970277294,1.0015311519844208,0.0008752004133076204,1.0,18.91648352506104
1676.661805816839,12.334350848134406,1.0109109778145218,1.001243207504436,0.0008747655405752219,1.0,18.93731638664508
1676.6826386784226,12.335754056466985,1.0096053177034758,0.999930384193439,0.0008758385328346554,1.0,18.958149248228665
1676.7034715390755,12.33508230549408,1.0102301593535896,1.000529635950637,0.0008752753973812153,1.0,18.97898210888161
1676.7243043997291,12.336306947839272,1.0090913254794576,0.9993822836124026,0.0008761192436768723,1.0,18.999814969535237
1676.745137259451,12.335672481743773,1.0096811753270656,0.9999470674711493,0.0008753394474326543,1.0,19.020647829257086
1676.765970119173,12.33385001325045,1.0113774044404638,1.0016076171691444,0.0008743576014765307,1.0,19.041480688979163
1676.7868029779634,12.334444879649329,1.0108234304212298,1.0010397679848646,0.0008745972661141953,1.0,19.062313547769463
1676.8076358367534,12.33542732679611,1.0099091830900688,1.0001152571328957,0.000875019754170528,1.0,19.083146406559536
1676.828468695078,12.336351216330904,1.0090501828519618,0.9992455656117143,0.0008758999153950679,1.0,19.103979264884174
1676.8493015524705,12.33619681719725,1.009193686910823,0.9993688138012526,0.0008758793262979092,1.0,19.12481212227658
1676.870134409864,12.33640839515906,1.0089970439886442,0.9991553092595538,0.0008761572866078303,1.0,19.145644979670124
1676.890967266792,12.334727352857886,1.0105604812842555,1.000684795784467,0.0008749627395173321,1.0,19.166477836598006
1676.9118001232541,12.336562059671625,1.0088542504934477,0.9989766956316233,0.0008759445957563792,1.0,19.187310693060226
1676.932632979251,12.334817708432759,1.0104763853744851,1.000564501298143,0.0008747414811025,1.0,19.208143549057013
1676.9534658347816,12.335013152613822,1.0102945051401264,1.0003660727378367,0.0008750460184616003,1.0,19.228976404587684
1676.974298689846,12.336302070352048,1.00909585866264,0.9991610062534371,0.0008749640921594141,1.0,19.24980925965201
1676.995131544446,12.337161104912848,1.0082977777114905,0.9983527161204514,0.0008758963426434081,1.0,19.27064211425204
1677.0159643985794,12.336160099561399,1.0092278165941786,0.9992556319737789,0.0008744631460556053,1.0,19.2914749683855
1677.0367972527124,12.3347847219674,1.0105070857881613,1.0005044437351809,0.0008729488914961061,1.0,19.312307822518505
1677.057630105916,12.336603019413976,1.0088161918650733,0.9988126187219278,0.0008741203570938975,1.0,19.333140675722007
1677.0784629586528,12.334744062399302,1.010544928821141,1.0005066035405548,0.000872548972085875,1.0,19.353973528458937
1677.0992958113895,12.3359451829523,1.0094276084845017,0.9993829768559683,0.0008731625126944352,1.0,19.37480638119564
1677.1201286631945,12.33566281324378,1.0096901665957192,0.9996256236464293,0.0008729894146558766,1.0,19.395639233000566
1677.1409615149996,12.337730412797125,1.0077692134055638,0.9977067151851744,0.0008739720039826051,1.0,19.41647208480572
1677.161794365874,12.336456629245811,1.0089522200528585,0.9988609268572586,0.0008728626473413207,1.0,19.437304935680004
1677.1826272167475,12.335524184863994,1.0098190935372198,0.9997022955494871,0.0008726998076989678,1.0,19.458137786553607
1677.203460067156,12.338103042626514,1.0074234015639578,0.9973139650834407,0.0008739183495656607,1.0,19.478970636962003
1677.2242929170989,12.336954085255266,1.008490050347553,0.9983533713061568,0.0008731517032023816,1.0,19.499803486904966
1677.245125766111,12.334916641871427,1.0103843138855595,1.0002121953092196,0.0008716189252855282,1.0,19.52063633591706
1677.2659586151226,12.334469430835801,1.0108005734566758,1.0006080058936653,0.0008711456623580839,1.0,19.5414691849287
1677.2867914636674,12.333276998476402,1.0119113160375002,1.0016914719970345,0.0008703026473266209,1.0,19.562302033473543
1677.307624311748,12.335017797072322,1.0102901834081583,1.0000708097257318,0.0008706879582895059,1.0,19.583134881554088
1677.3284571593626,12.333292631333345,1.011896746245234,1.0016453497273232,0.0008694246848347137,1.0,19.603967729168744
1677.3492900065105,12.33507454124212,1.010237383677054,0.9999872514370876,0.0008701556886722519,1.0,19.624800576316602
1677.370122853194,12.33672840398156,1.0086996970130413,0.9984498061730993,0.0008712254216524472,1.0,19.645633423000163
1677.3909556998774,12.336182322162946,1.0092071601603039,0.9989369366539946,0.0008704911568883256,1.0,19.666466269683497
1677.411788545629,12.33508673772126,1.0102260353680284,0.9999303850403869,0.0008698553477968276,1.0,19.687299115435053
1677.432621390916,12.334560486561786,1.0107158057936898,1.0004003645361548,0.0008688786048269636,1.0,19.708131960722085
1677.4534542362014,12.3370223300785,1.0084266628856984,0.9981199223282173,0.000870254220506029,1.0,19.728964806007525
1677.474287080556,12.334385197104442,1.0108789965639482,1.0005327226851883,0.0008685858678131026,1.0,19.749797650362098
1677.4951199249106,12.336641914090952,1.0087800533657432,0.9984410223103524,0.0008701542615447553,1.0,19.77063049471667
1677.5159527683345,12.336327494566824,1.0090722293783354,0.9987161297576108,0.0008700872039680935,1.0,19.791463338140602
1677.5367856117591,12.336664486720018,1.0087590808853637,0.9983923908662,0.0008708116963298685,1.0,19.812296181565216
1677.5576184547165,12.33712236705602,1.008333753293392,0.9979577833682066,0.0008715653055336316,1.0,19.833129024522577
1677.5784512972086,12.335298642580327,1.0100288871881082,0.9996220290399513,0.0008699056248940979,1.0,19.853961867014732
1677.59928413877,12.334346447604798,1.010915075082979,1.000485806763386,0.0008698468560192374,1.0,19.87479470857602
1677.6201169803305,12.336879328243604,1.008559491062236,0.9981415340842659,0.0008716045194517344,1.0,19.895627550136624
1677.640949821425,12.335228414290736,1.0100942206410926,0.9996475997758725,0.0008708606071872553,1.0,19.916460391231112
1677.661782662055,12.335876948866145,1.009491048880499,0.999038076920112,0.0008713133505625018,1.0,19.937293231861076
1677.682615502219,12.33760559553954,1.007885074163931,0.9974364200992228,0.000872365697381434,1.0,19.958126072025152
1677.703448341918,12.3343776084219,1.0108860620615983,1.0003941409693777,0.0008701749363769225,1.0,19.97895891172402
1677.7242811816154,12.336636383636439,1.00878519183896,0.9983031879470994,0.0008715617203686116,1.0,19.999791751421526
1677.745114020382,12.337077227605045,1.0083756756111633,0.997886287197622,0.0008719848042255256,1.0,20.020624590188163
1677.765946858683,12.334735162123927,1.0105532127532513,1.0000297370433116,0.0008699348944800956,1.0,20.04145742848914
1677.786779696984,12.335658301875368,1.0096943619921395,0.9991686323595926,0.0008706297644523399,1.0,20.062290266790114
1677.807612534355,12.3374273659391,1.0080505376513893,0.9975310299581011,0.0008718459511504334,1.0,20.083123104161132
1677.8284453717251,12.33690153952068,1.0085388588266444,0.998003578640728,0.0008710077552160054,1.0,20.10395594153124
1677.849278208163,12.339418582500427,1.0062034891532694,0.9956822170338256,0.0008726261638718736,1.0,20.124788777969115
1677.8701110446025,12.334685870499804,1.010599092166343,1.000021690699147,0.000869448741591571,1.0,20.145621614408583
1677.8909438805745,12.33519088978114,1.0101291314648382,0.9995467076973094,0.0008697895897954706,1.0,20.16645445038057
1677.911776716082,12.336583945151014,1.008833914949434,0.9982554338281532,0.0008711929756682287,1.0,20.187287285888033
1677.9326095506576,12.33599957433394,1.009377041148877,0.9987834617160408,0.0008703991934209503,1.0,20.208120120463718
1677.9534423852335,12.335082019528333,1.0102304254322738,0.9996187660561218,0.0008692800901177398,1.0,20.22895295503963
1677.974275219345,12.335295592651624,1.010031724452267,0.9994133254146389,0.0008691365293888091,1.0,20.24978578915102
1677.9951080529895,12.33650225934084,1.0089098178394451,0.9982946613851722,0.000869795251336678,1.0,20.27061862279561
1678.0159408866334,12.33620635611673,1.009184820507557,0.9985585036015254,0.0008697991011804699,1.0,20.291451456439518
1678.0367737193465,12.33473554415734,1.0105528571742235,0.9999041447615702,0.0008685758543236184,1.0,20.312284289152558
1678.057606551594,12.33661222178372,1.0088076414821912,0.998169644304767,0.0008692897213106647,1.0,20.333117121400164
1678.0784393838421,12.33808862494855,1.0074367794015502,0.9968058455718655,0.0008698047080340544,1.0,20.353949953648225
1678.0992722151586,12.336979693342437,1.0084662644625015,0.997817375978249,0.0008693251736089764,1.0,20.374782784964736
1678.1201050460095,12.334126762587438,1.0111196416841453,1.0004359350315668,0.0008673935711992203,1.0,20.395615615815586
1678.1409378768603,12.33594131211418,1.0094312072756388,0.998758861800704,0.0008682797411498261,1.0,20.416448446666436
1678.1617707072455,12.334029650850795,1.0112100835201496,1.0005127351458851,0.0008668676340456245,1.0,20.437281277051625
1678.1826035366985,12.338434544932019,1.0071158570606746,0.9964559513600436,0.0008698540933461936,1.0,20.45811410650458
1678.2034363661514,12.334683215991523,1.0106015629754823,0.9998992121711758,0.0008681371727375579,1.0,20.478946935957538
1678.2242691951396,12.33674958866151,1.0086800156469022,0.9979928202226529,0.0008687095876879978,1.0,20.499779764945742
1678.245102023663,12.33603841349519,1.0093409341679116,0.9986418185933154,0.000868415847993173,1.0,20.520612593469195
1678.2659348517195,12.335445163354327,1.0098925923602955,0.9991830993204689,0.0008674774527505443,1.0,20.541445421525623
1678.2867676793105,12.335013946608187,1.0102937663162324,0.9995757747694058,0.0008671878612505008,1.0,20.562278249116616
1678.3076005064354,12.33662507798324,1.0087956962643079,0.9980897053289908,0.0008680043696143691,1.0,20.583111076241494
1678.328433333095,12.335447248384558,1.0098906529807725,0.999169513637181,0.0008669038345518389,1.0,20.603943902901165
1678.349266159755,12.336220598677716,1.009171582225536,0.9984548823559235,0.0008668762595675525,1.0,20.624776729561063
1678.3700989854829,12.334858429086486,1.0104384880590964,0.9997055047239691,0.0008659804370958798,1.0,20.645609555288956
1678.3909318112119,12.336031338329828,1.0093475115273585,0.998623599096649,0.0008666463021045558,1.0,20.666442381017987
1678.41176463601,12.336832370489649,1.0086031118905576,0.9978850119956391,0.000867203365371753,1.0,20.68727520581615
1678.4325974608064,12.336526028124148,1.008887731170285,0.9981648408273843,0.0008669124578624897,1.0,20.708108030612493
1678.4534302846719,12.333731640234818,1.0114876764561491,1.0007357659412073,0.0008652661713730166,1.0,20.72894085447797
1678.4742631085376,12.335682892470874,1.0096714939102225,0.9989378949706862,0.0008663659755149659,1.0,20.749773678343672
1678.495095931937,12.337354960283381,1.008117764841239,0.9974000583210254,0.0008674437176672798,1.0,20.770606501743032
1678.5159287548727,12.33712844242201,1.0083281110578064,0.9976079182350577,0.0008670875362489978,1.0,20.791439324678777
1678.5367615773416,12.337702163982666,1.007795434006618,0.9970810514175461,0.0008676647200906825,1.0,20.812272147147723
1678.557594399344,12.339931597079207,1.0057281663966569,0.9950362754089419,0.0008693956763178267,1.0,20.8331049691501
1678.5784272208816,12.339101952417792,1.0064969681331548,0.9957978509294447,0.0008689858988307957,1.0,20.853937790687723
1678.5992600424183,12.337141547747937,1.0083159401559554,0.9975987961363706,0.0008677674270623112,1.0,20.874770612224438
1678.620092863025,12.337858228480627,1.0076505831814733,0.9969422601051662,0.000868816242413374,1.0,20.895603432831194
1678.6409256831655,12.3378811035,1.0076293535460465,0.9969233945562537,0.0008684203607852575,1.0,20.916436252971607
1678.661758503306,12.337762970484118,1.007738994147396,0.9970344278837551,0.0008684791807379316,1.0,20.93726907311202
1678.682591322516,12.334132320726813,1.0111144655377822,1.0003770524829039,0.0008664335651367922,1.0,20.95810189232202
1678.7034241417246,12.337079890473662,1.0083732024794436,0.997668304978325,0.0008683278872301665,1.0,20.978934711530655
1678.724256960468,12.334646219666284,1.0106359996839187,0.999910891028897,0.0008663227944612724,1.0,20.999767530274084
1678.7450897787455,12.336903768204175,1.0085367886077514,0.9978382602911039,0.0008681831760882071,1.0,21.020600348551625
1678.765922596557,12.33788304641896,1.0076275504004808,0.9969433559259575,0.0008684684058080958,1.0,21.04143316636305
1678.7867554139045,12.337014839058819,1.0084336205334283,0.9977460422267274,0.0008680092460272318,1.0,21.06226598371063
1678.8284210472011,12.33507096379207,1.0102407123675001,0.9995456461144203,0.000867183607053145,1.0,21.10393161700722
1678.8492538631494,12.332691770764646,1.0124568980784348,1.0017449125660454,0.000864898903171595,1.0,21.124764432955544
1678.8700866790991,12.334651063387954,1.0106314910117853,0.9999458361793109,0.0008659674441020227,1.0,21.145597248905233
1678.8909194941175,12.332393759029737,1.0127348343281726,1.0020343862257923,0.0008646455807892519,1.0,21.1664300639236
1678.9117523091354,12.334597685926255,1.0106811773624118,1.000010360182194,0.0008661337112568733,1.0,21.18726287894151
1678.9325851232225,12.333093320889915,1.0120825189043434,1.0014053368577047,0.000864871065108193,1.0,21.208095693028554
1678.95341793731,12.334205702237181,1.0110461297864342,1.0003887827876816,0.0008655498688731303,1.0,21.228928507116052
1678.9742507509316,12.333547844499908,1.0116589177358424,1.001004512813325,0.0008647760282052663,1.0,21.24976132073766
1678.9950835640866,12.334492978963906,1.0107786508173013,1.000143389205393,0.0008654004678748064,1.0,21.2705941338927
1679.015916376776,12.335211807745955,1.0101096703452828,0.9994918150411879,0.0008658586381969288,1.0,21.291426946582078
1679.036749189,12.334002302847013,1.0112355546478116,1.000616767438732,0.0008647419304555247,1.0,21.31225975880602
1679.0575820007593,12.333124411116575,1.0120535381774751,1.0014375681279901,0.0008641262815617575,1.0,21.33309257056544
1679.0784148120524,12.33196410033452,1.0131356834792744,1.0025202839258456,0.0008633696817245645,1.0,21.353925381858517
1679.099247623345,12.334626903808992,1.0106539796262908,1.0000770211784107,0.0008648443911282184,1.0,21.374758193151138
1679.1200804337066,12.335348893222047,1.0099821415559673,0.9994251530577886,0.0008650347922992012,1.0,21.395591003512664
1679.1409132440676,12.334483436901195,1.0107875341497492,1.0002356150154283,0.0008646110477868748,1.0,21.416423813873735
1679.161746053498,12.332717241639257,1.0124331465814311,1.0018781051896999,0.0008630235074430048,1.0,21.437256623304165
1679.182578862928,12.334917218281458,1.0103837774794822,0.999864631651521,0.0008647521042164167,1.0,21.45808943273414
1679.2034116718928,12.332563797326603,1.0125762412722756,1.0020494078795117,0.0008629849479827367,1.0,21.47892224169891
1679.224244480393,12.334045883152655,1.0111949655342638,1.000698156077855,0.000863615554982862,1.0,21.499755050199155
1679.2450772884256,12.333190401438914,1.011992028107754,1.0015031901738587,0.0008630642477756029,1.0,21.520587858231693
1679.265910095993,12.334240739716844,1.011013503135067,1.0005515834343894,0.0008636590182032132,1.0,21.541420665799023
1679.2867429030946,12.33494380456981,1.0103590366396218,0.9999212377645909,0.0008636399932701344,1.0,21.562253472900693
1679.3075757097304,12.334075735583973,1.0111671630043881,1.0007389392862398,0.0008629837606291135,1.0,21.583086279536474
1679.3284085163682,12.333133752150527,1.0120448311031842,1.0016260793621006,0.0008625503556818288,1.0,21.6039190861743
1679.3492413220736,12.333621044972755,1.0115907138622777,1.001195728797617,0.0008629080693754782,1.0,21.62475189187967
1679.370074127778,12.331232885574511,1.0138182335128123,1.0034201072924935,0.0008605810320644451,1.0,21.645584697584127
1679.3909069330166,12.333808758290948,1.0114158347022457,1.0010626194202565,0.0008622263890197365,1.0,21.666417502822696
1679.4117397373245,12.333969935612288,1.0112657013688071,1.0009349043430724,0.0008619825883070429,1.0,21.687250307130626
1679.432572541633,12.332821755735093,1.01233569340473,1.0020154981608784,0.0008614312263588638,1.0,21.70808311143901
1679.453405345475,12.334007534008213,1.0112306824482562,1.0009438231155041,0.0008619025483646674,1.0,21.72891591528105
1679.474238148852,12.333736365695636,1.011483274157542,1.0012165725222275,0.0008616828994806814,1.0,21.74974871865811
1679.495070952229,12.33356213502207,1.011645602310807,1.001400612679539,0.0008614051077721886,1.0,21.770581522035172
1679.5159037546746,12.333667152509474,1.0115477559454022,1.001327758201353,0.0008612881790130096,1.0,21.791414324480684
1679.5367365566535,12.332811215183249,1.012345521416921,1.0021421055269422,0.0008611363292482621,1.0,21.812247126459624
1679.5575693586325,12.334641618900905,1.0106402822241431,1.0004792601513683,0.0008618666655121536,1.0,21.833079928438565
1679.5784021596814,12.334334673192544,1.0109260381468785,1.0007880447004986,0.0008627236885619868,1.0,21.853912729487547
1679.5992349607309,12.331371894975799,1.0136884402503215,1.0035493620137943,0.000859499528501836,1.0,21.874745530536984
1679.6200677613135,12.33384740753453,1.0113798317016658,1.001291060415147,0.0008608128279099931,1.0,21.895578331119623
1679.64090056143,12.334545580525482,1.0107296819726803,1.0006752898022013,0.0008615446471704523,1.0,21.916411131236146
1679.6617333610805,12.333542764039047,1.0116636515796047,1.0016285250655226,0.000860693327668476,1.0,21.937243930886552
1679.682566160266,12.335382654401377,1.0099507364523046,0.9999617894674507,0.0008621069167193991,1.0,21.958076730072207
1679.7033989589868,12.33658363552243,1.0088342026471826,0.9988861492692318,0.0008628015226417408,1.0,21.978909528792883
1679.724231757242,12.334106273717293,1.0111387226491364,1.001198537153809,0.0008608881329457223,1.0,21.999742327048125
1679.745064555496,12.334844917604077,1.010451062574662,1.0005489195616422,0.0008614842879707775,1.0,22.020575125302003
1679.7658973528196,12.333374831212776,1.0118201395689497,1.001936601490326,0.0008602304866373797,1.0,22.041407922625694
1679.786730150142,12.33636099222931,1.0090410974704282,0.9992173265172564,0.0008625230148381819,1.0,22.062240719948022
1679.807562946999,12.33550940768095,1.0098328375600027,1.00003473047422,0.0008619834009898717,1.0,22.083073516805143
1679.8283957429255,12.334792472440016,1.0104998723605276,1.0007294279494239,0.0008613764416542331,1.0,22.103906312731624
1679.849228538852,12.33461724878895,1.0106629670099416,1.0009258119937126,0.0008613454425972664,1.0,22.124739108658105
1679.8700613343126,12.334555665055062,1.0107202941619073,1.0010181519204626,0.0008610480258848776,1.0,22.145571904118697
1679.8908941293075,12.333084304447983,1.012090923727829,1.0024119948458232,0.0008601537442970522,1.0,22.166404699113627
1679.9117269243015,12.33667545294318,1.0087488922029906,0.9991389143819449,0.0008625696558940167,1.0,22.18723749410765
1679.9325597183645,12.3354616812962,1.0098772283886657,1.000294273859801,0.0008617176413054868,1.0,22.208070288170575
1679.953392511963,12.335125641838754,1.0101898375806866,1.0006424717420968,0.000861617329084049,1.0,22.228903081769204
1679.9742253055615,12.333623205471445,1.0115887009071716,1.002067502349897,0.0008604671125710982,1.0,22.249735875367605
1679.9950580982274,12.33364223840207,1.0115709679360083,1.0020901033118497,0.0008605163723920516,1.0,22.270568668033548
1680.0158908908934,12.335631641972647,1.009719155016299,1.0002964887727883,0.0008620863239815384,1.0,22.29140146069949
1680.0367236830944,12.336491413302294,1.0089198964657087,0.9995462917451584,0.0008625814354567024,1.0,22.312234252900453
1680.0575564748294,12.335072488982247,1.0102392932307704,1.0008958890238178,0.0008616541559749878,1.0,22.333067044635527
1680.0783892660988,12.333761912772035,1.0114594745123233,1.002148038558988,0.0008608278995083916,1.0,22.35389983590494
1680.0992220569035,12.334583379733138,1.010694494681388,1.0014341756374465,0.0008615717915719505,1.0,22.3747326267096
1680.1200548472411,12.336320383994527,1.0090788378938318,0.9998781272309419,0.0008625076687504617,1.0,22.395565417047237
1680.140887637114,12.335770559673538,1.0095899718041732,1.000430230272081,0.0008623353267895688,1.0,22.41639820692012
1680.1617204265206,12.334351406282604,1.010910458132125,1.001785258049972,0.0008611789104753869,1.0,22.43723099632666
1680.1825532159269,12.337189083653625,1.008271794845175,0.999217636920006,0.0008630248854268269,1.0,22.458063785732975
1680.203386004403,12.33769581904673,1.0078013234815417,0.9987994224734632,0.0008635485769073348,1.0,22.478896574209102
1680.2242187928787,12.337313079952192,1.0081566519299996,0.999200479274581,0.000863400409710453,1.0,22.499729362684775
1680.245051580423,12.336745816823809,1.0086835197981903,0.9997724408410141,0.0008631495314574662,1.0,22.520562150229125
1680.2658843679665,12.33519377531383,1.0101264468746551,1.0012533287268977,0.0008619898264633573,1.0,22.541394937772566
1680.286717155045,12.337355952167508,1.0081168438665595,0.9993128469344231,0.000863358626628306,1.0,22.562227724851027
1680.307549941658,12.33578957955634,1.0095722860029013,1.0008079693502532,0.0008623057114866391,1.0,22.583060511464055
1680.328382727806,12.335284888660677,1.010041682141512,1.0013266061505544,0.0008619358527727772,1.0,22.603893297612103
1680.3492155134875,12.33584457161728,1.0095211529058747,1.0008647196532094,0.0008623579230157804,1.0,22.62472608329358
1680.3700482987028,12.335194113517817,1.0101261322229582,1.0015195962979035,0.000861854349892831,1.0,22.645558868508942
1680.390881083453,12.335888141865919,1.0094806419558817,1.0009355932264863,0.0008624745074665231,1.0,22.666391653259097
1680.411713867738,12.336680068350322,1.0087446040739538,1.0002625810897847,0.0008627695354251062,1.0,22.687224437544046
1680.432546651557,12.336572271100808,1.0088447621893408,1.0004196505564333,0.000862777800535756,1.0,22.708057221363106
1680.453379435376,12.336894292331122,1.0085455907534675,1.0001815852903415,0.0008634674926051223,1.0,22.728890005182166
1680.4742122182636,12.336491606755494,1.0089197166994228,1.0006122208618742,0.0008628043369931106,1.0,22.749722788069676
1680.495045000685,12.337797853368786,1.0077066177024927,0.9994695298237991,0.0008638589150721794,1.0,22.77055557049107
1680.515877783107,12.336508102435586,1.008904388215041,1.0007189768208395,0.0008628694795473289,1.0,22.791388352913145
1680.5367105645976,12.336488981554908,1.008922156168443,1.0007989935917612,0.0008634507741188355,1.0,22.81222113440367
1680.557543346088,12.336175184534998,1.0092137947082527,1.0011516647878103,0.0008629026083017461,1.0,22.833053915894197
1680.578376127114,12.33671372615812,1.0087133334894425,1.0007194908445125,0.0008634762023286112,1.0,22.8538866969202
1680.5992089072074,12.33705644643754,1.0083949762702689,1.0004689248308252,0.0008630287947452701,1.0,22.874719477013514
1680.620041687301,12.336383977012291,1.0090197365311384,1.0011550464195014,0.0008631629999402815,1.0,22.895552257107056
1680.6408744664625,12.337496070186038,1.007986751290077,1.0001973090325018,0.0008638462680191372,1.0,22.916385036268593
1680.6617072456245,12.336126659277932,1.0092589009255786,1.0015279029018815,0.0008636973510709858,1.0,22.937217815430586
1680.682540024322,12.337449252725484,1.0080302170944164,1.0003777936982805,0.0008639439990388695,1.0,22.958050594128053
1680.7033728020874,12.336070193168988,1.0093113910283713,1.0017195241474468,0.0008627280095787735,1.0,22.978883371893517
1680.7242055798524,12.338821249567022,1.0067572183596123,0.9992556829859534,0.0008645824232830368,1.0,22.999716149658525
1680.745038357152,12.336651185171128,1.0087714394494125,1.0013271377411193,0.0008631771166188792,1.0,23.0205489269581
1680.76587113352,12.337046025980092,1.0084046544842973,1.0010363517952654,0.0008638673945778479,1.0,23.041381703326124
1680.7867039098892,12.337401863058451,1.008074216049852,1.0007826357986078,0.0008640084990675666,1.0,23.062214479695285
1680.8075366853266,12.338540621011802,1.0070174669701235,0.9998087994817328,0.0008646655781938375,1.0,23.08304725513267
1680.828369460763,12.339536098975316,1.0060945869286506,0.9989687497221622,0.0008653685133451365,1.0,23.103880030569144
1680.8492022352689,12.337910044236526,1.0076024951371114,1.000543401060185,0.0008643535454103469,1.0,23.124712805074978
1680.8700350097745,12.337969312482581,1.007547493560846,1.0005672521619113,0.000864265878470368,1.0,23.145545579580585
1680.8908677833485,12.337255723346434,1.008209911617535,1.0013047088311997,0.0008640070913592295,1.0,23.16637835315464
1680.911700556457,12.337678411629243,1.0078174815123206,1.000995590779298,0.0008643200963818768,1.0,23.187211126263037
1680.9325333291004,12.337637466390657,1.0078554889999227,1.0011150926854187,0.0008640750308313051,1.0,23.208043898906453
1680.9533661012783,12.339022076005026,1.0065710177266873,0.9999219531277774,0.0008653755600359287,1.0,23.228876671084436
1680.9741988729895,12.338290441872097,1.0072495341983556,1.000679902027038,0.0008648620567399001,1.0,23.24970944279562
1680.9950316442355,12.336627062584832,1.0087938523028501,1.0022992806284443,0.0008638652050638531,1.0,23.270542214041598
1681.0158644145504,12.337101992631972,1.0083526753963343,1.0019471817881787,0.0008643411273314539,1.0,23.29137498435648
1681.0366971848655,12.338894433225512,1.0066893605382956,1.0003816766138236,0.0008658403833413787,1.0,23.31220775467159
1681.057529954249,12.337931613731605,1.0075824780638234,1.0013576538947728,0.0008644694285856139,1.0,23.33304052405515
1681.0783627231665,12.337836142386758,1.0076710810626615,1.0015352715605321,0.0008644959925014078,1.0,23.353873292972594
1681.099195491618,12.338439706559774,1.0071110692081742,1.0010693990013795,0.0008653823811495075,1.0,23.37470606142415
1681.120028259139,12.338407663662238,1.0071407921121884,1.001190789527556,0.0008647794820424228,1.0,23.395538828945064
1681.1408610261951,12.338458394826885,1.0070937344277635,1.0012370549687066,0.0008651317413192748,1.0,23.416371596001227
1681.1616937927845,12.338707615413572,1.0068625920135965,1.0011014547127601,0.0008652271810823697,1.0,23.43720436259059
1681.1825265589075,12.33766142186125,1.007833252119475,1.0021620181751727,0.000864649373455219,1.0,23.458037128713613
1681.2033593241,12.33927331013042,1.0063381289897644,1.0007718583062424,0.0008658248616065588,1.0,23.478869893905994
1681.224192088827,12.339148402379415,1.006453909105293,1.0009847200085216,0.0008661607945099995,1.0,23.49970265863317
1681.2450248530886,12.339132024728574,1.0064690909468497,1.001098786028251,0.0008660213444554026,1.0,23.52053542289468
1681.2658576164185,12.339025948822242,1.0065674272978187,1.0012967884063695,0.0008656178679364619,1.0,23.541368186224645
1681.2866903792824,12.341020577743443,1.0047199385602725,0.9995602007011102,0.0008673470780017022,1.0,23.562200949088492
1681.307523141215,12.3396179891221,1.0060187065020119,1.000954916492037,0.0008663991270038517,1.0,23.583033711021017
1681.328355902682,12.340807862250324,1.0049168007754026,0.999962291905935,0.0008658615215597579,1.0,23.603866472488107
1681.349188663218,12.342230559574686,1.0036008677285342,0.9987576890156732,0.0008653894374842404,1.0,23.624699233024103
1681.370021423289,12.342603021561892,1.0032566413293142,0.9985212182463298,0.0008643576617979852,1.0,23.64553199309512
1681.390854182428,12.341994312235842,1.0038192668483141,0.999188565115729,0.0008632615741001642,1.0,23.66636475223413
1681.4116869406355,12.341178794339333,1.0045735385543888,1.0000481509330577,0.0008628553779418291,1.0,23.687197510441592
1681.4325196983764,12.345082096004715,1.0009685067153355,0.9965690129223562,0.0008656965552522778,1.0,23.708030268182483
1681.4533524551866,12.340434858806368,1.005262098114477,1.0009551735768107,0.0008635455124405201,1.0,23.728863024992734
1681.474185211066,12.34174004579478,1.0040543768505947,0.9998652118858069,0.0008658556017421525,1.0,23.749695780872116
1681.495017966015,12.344444730318937,1.0015562832598595,0.9974911888894737,0.0008692641171326605,1.0,23.770528535821086
1681.5158507200315,12.342428095179983,1.0034182921904955,0.9994607938392476,0.0008682889586270205,1.0,23.791361289837596
1681.536683473116,12.342219225831716,1.0036113441348637,0.9997696148251765,0.0008682130053770698,1.0,23.8121940429221
1681.5575162257355,12.342936741996644,1.0029483198495475,0.9992269294039229,0.0008689293185360154,1.0,23.833026795541628
1681.5783489769578,12.344203874988658,1.0017784891023858,0.998180442097391,0.0008700516673798217,1.0,23.853859546763942
1681.599181726785,12.34353316592112,1.0023975248206578,0.9989176719775185,0.0008691268410326483,1.0,23.874692296591093
1681.6200144761444,12.345184853925836,1.0008737759923794,0.9975208318816166,0.0008705332732132487,1.0,23.895525045950535
1681.640847224107,12.345423886523227,1.0006534507201268,0.9974242221337082,0.0008703374746958033,1.0,23.916357793912994
1681.661679971139,12.345007260076379,1.0010375022860378,0.9979314086448071,0.0008699509709622491,1.0,23.93719054094504
1681.703345461012,12.343658913230122,1.0022814363161976,0.9994247844159017,0.0008694491509184133,1.0,23.97885603081818
1681.7241782043184,12.3440802295287,1.0018925798131704,0.9991657387401524,0.0008697359431866258,1.0,23.99968877412448
1681.745010946227,12.345347362122034,1.000723980840048,0.9981303077501288,0.0008705429849970543,1.0,24.020521516033114
1681.76584368674,12.346419370196704,0.9997363977166084,0.9972765706673403,0.000871329823831226,1.0,24.04135425654613
1681.78667642539,12.345868737994955,1.0002435436191408,0.9979152509010959,0.0008710083164295942,1.0,24.062186995196043
1681.8283418989645,12.345927950591665,1.0001889950075133,0.9981307598073086,0.0008713518490098631,1.0,24.103852468770583
1681.8491746329569,12.34624831393998,0.999893917229313,0.9979733993429597,0.0008711628141324818,1.0,24.124685202762976
1681.911672824227,12.345912717393414,1.0002030280516971,0.9987023448564738,0.0008715801423312622,1.0,24.187183394033127
