time_o,mag,oflux,nflux,enflux,lc_part,time
1624.9684435401675,13.581040890333233,0.9939869473724867,1.0031149914816961,0.001722973299213798,0.0,0.0
1624.989277023142,13.580471792411076,0.9945080907052405,1.0035799915580392,0.0018012521675223722,0.0,0.020833482974467188
1625.0101105082686,13.577690824489203,0.9970586550974471,1.0060931707099958,0.0018841939164616858,0.0,0.041666968101026214
1625.03094399555,13.581685615301028,0.9933968795776753,1.0023382129233869,0.0019770028854749983,0.0,0.06250045538240556
1625.051777484869,13.583655683694452,0.9915959952404936,1.000461650753906,0.0020592516808187644,0.0,0.08333394470150779
1625.072610976224,13.578205627465561,0.9965860107368513,1.0054369373846044,0.0021117927228715802,0.0,0.1041674360565139
1625.0934444695004,13.579705410670172,0.9952103256467645,1.003990201490965,0.002159514826387894,0.0,0.12500092933282758
1625.114277964581,13.575606595229953,0.9989744931224566,1.0077289387521167,0.002194484969548106,0.0,0.14583442441357874
1625.135111461467,13.58094067736307,0.9940786961610047,1.0027323106096397,0.0022469865007975123,0.0,0.16666792129944952
1625.1559449600986,13.583329615318508,0.9918938361434352,1.000471043836367,0.002290155306594984,0.0,0.18750141993109537
1625.176778460359,13.582935761151905,0.9922537139700056,1.00077704394379,0.002324141183395136,0.0,0.20833492019141886
1625.1976119621932,13.582400281605805,0.9927432091278477,1.0012141382747968,0.0023520045856905867,0.0,0.22916842202562293
1625.239278970283,13.580776930462847,0.9942286309054925,1.002600088383712,0.002406990033367137,0.0,0.27083543011553957
1625.280945983902,13.581952132397255,0.9931530590639184,1.001405074157972,0.002490245381456659,0.0,0.31250244373450187
1625.322613002411,13.586582634111675,0.9889264299250248,0.9970350188213848,0.0026072340249295497,0.0,0.35416946224336243
1625.343446513441,13.586471605163819,0.9890275641368698,0.9970834248529377,0.0026636413895288367,0.0,0.37500297327346743
1625.3851135385275,13.585200669173343,0.9901859732510012,0.9981452252909193,0.002751711172758692,0.0,0.41666999836002105
1625.4059470525249,13.586413722154301,0.9890802927994037,0.9969782886648064,0.002787857828160173,0.0,0.4375035123573525
1625.4267805675136,13.586059311983341,0.9894032048775643,0.9972517875957014,0.002814791206816177,0.0,0.4583370273460332
1625.5934487145414,13.585484389736736,0.9899272553252599,0.9973778064766764,0.0029113592117161976,0.0,0.6250051743738823
1625.6142822358156,13.586315633801776,0.9891696530312385,0.9965659900993524,0.0029106465100895607,0.0,0.6458386956480808
1625.6351157576141,13.57977581325175,0.9951457951427161,1.0025383897861246,0.0028929382504039505,0.0,0.6666722174466031
1625.718449849463,13.581916053978794,0.9931860615435605,1.0003745229783196,0.002951644294563171,0.0,0.7500063092954861
1625.9267851045229,13.579860285142793,0.9950683743320007,1.0018213815631436,0.00299866398850055,0.0,0.9583415643553508
1626.0101192137765,13.582372975985878,0.9927681763431868,0.9993363656666185,0.0029038522315824864,0.0,1.0416756736090065
1626.0309527415116,13.584197585947834,0.9911012028349361,0.9976170028972249,0.0028900011264964814,0.0,1.062509201344028
1626.1142868542574,13.580600730410321,0.9943899936305217,1.00076488982118,0.0028411452988306293,0.0,1.145843314089916
1626.1767874401405,13.580788923186828,0.9942176490080102,1.000473149064693,0.0028118088806032846,0.0,1.2083438999729879
1626.19762096904,13.578918268592144,0.9959320994582261,1.0021595617267718,0.0027881314414197576,0.0,1.22917742887239
1626.2184544979987,13.583889088424664,0.9913828510905461,0.9975435565293712,0.00277773413787789,0.0,1.2500109578311367
1626.2392880270725,13.57987379267891,0.995055994862348,1.0012014042198423,0.002742514223042292,0.0,1.2708444869049345
1626.2601215562045,13.58418377714887,0.9911138081107266,0.9971972344528786,0.002726586671734309,0.0,1.2916780160369399
1626.2809550854536,13.583407948958012,0.9918222756197879,0.9978727108683981,0.002693464174139961,0.0,1.3125115452860427
1626.30178861476,13.585162197272409,0.9902210600533264,0.996224776565019,0.00267104283507052,0.0,1.3333450745924438
1626.3851227326281,13.581005218102193,0.9940196056870712,0.9999012409165994,0.0025891709437114805,0.0,1.416679192460606
1626.4267897919399,13.584535370517056,0.9907929082233103,0.9965850522110344,0.00257530373913302,0.0,1.4583462517723547
1626.447623321597,13.578730701374814,0.996104167358706,1.0018924504020232,0.0025520992426773473,0.0,1.479179781429366
1626.4684568513685,13.585353636571526,0.99004647757794,0.9957651794505079,0.0025600021169799743,0.0,1.5000133112009735
1626.489290381141,13.585893831879186,0.9895540140910003,0.9952358204197848,0.002554644055140352,0.0,1.5208468409734905
1626.5101239109727,13.585268267291436,0.990124326025441,0.9957756488072985,0.0025488692861563625,0.0,1.5416803708051248
1626.572624500523,13.584262655048335,0.9910418070709773,0.9965988539655818,0.0025348872171065766,0.0,1.6041809603555066
1626.614291560359,13.583608947575037,0.9916386799608664,0.997134230593472,0.0025267356732671864,0.0,1.645848020191579
1626.6559586202534,13.583978715873519,0.9913010158823243,0.9967310843368493,0.0025199590303077025,0.0,1.6875150800858592
1626.6767921502014,13.579624950646576,0.9952840798543077,1.0007044893008685,0.0025031577467078347,0.0,1.7083486100339087
1626.6976256802059,13.582387351461946,0.99275503187898,0.9981305704164508,0.0025085480558776356,0.0,1.729182140038347
1626.718459210153,13.582873483796094,0.9923106308432105,0.9976529719473352,0.0025118785468186437,0.0,1.750015669985487
1626.7392927401588,13.585059340765055,0.990314872439642,0.9956160389946538,0.0025214597389534147,0.0,1.7708491999912894
1626.7601262701055,13.584038311111183,0.9912466056139114,0.9965226007059665,0.002524707909507136,0.0,1.7916827299379747
1626.780959800111,13.580674303065706,0.9943226131440933,0.999585013785801,0.0025268192079421917,0.0,1.8125162599435498
1626.8226268600638,13.583389052493672,0.9918395377293838,0.9970298990176089,0.0025456453231560818,0.0,1.854183319896265
1626.843460390011,13.579761439946825,0.9951589692715451,1.0003375884730448,0.002540596234151499,0.0,1.875016849843405
1626.90596097991,13.584517192441966,0.9908094968371743,0.995880240900722,0.002536861796350393,0.0,1.937517439742578
1626.926794509799,13.57759372268187,0.9971478300982113,1.0022229901572135,0.0025071411337369742,0.0,1.9583509696315105
1627.010128629413,13.5823354223763,0.992802514954259,0.9977467657854235,0.0024641270608060763,0.0,2.0416850892454477
1627.030962159244,13.577342575188576,0.9973785124162556,1.0023189275204993,0.002444955089971234,0.0,2.0625186190763998
1627.0517956890749,13.580658838883286,0.9943367754200771,0.9992358518337895,0.0024449498683008844,0.0,2.083352148907352
1627.0934627487359,13.58548765820503,0.9899242752818904,0.9947501276890476,0.0024442469065316668,0.0,2.1250192085683466
1627.1142962785095,13.586250496703137,0.9892289985460666,0.9940261427502682,0.0024411629355113504,0.0,2.1458527383420005
1627.1351298082236,13.582134851575928,0.992985934819905,0.99777615079409,0.0024289143554027653,0.0,2.1666862680560826
1627.1559633379961,13.583993433272234,0.9912875786649307,0.9960447664361648,0.002430463229979721,0.0,2.1875197978285996
1627.1767968677104,13.58274736286253,0.9924259060009913,0.9971639614174909,0.00242619601974941,0.0,2.208353327542909
1627.1976303973656,13.582546499029837,0.9926095241863542,0.9973241185535536,0.0024203913306885794,0.0,2.2291868571981013
1627.218463927022,13.578557491823998,0.996263090417336,1.0009708775803985,0.002405818225765649,0.0,2.2500203868544304
1627.2392974566785,13.58598582615106,0.9894701728742338,0.9941221258234595,0.002411642166609997,0.0,2.270853916510987
1627.2601309862766,13.581327123976724,0.9937249362095272,0.9983733187433597,0.002391498759104292,0.0,2.2916874461091084
1627.280964515874,13.583518603773216,0.9917211973673996,0.9963369407373005,0.0023842398633994923,0.0,2.3125209757065477
1627.3017980454142,13.57418705193939,1.0002814542191985,1.0049138301291023,0.0023520465430100757,0.0,2.333354505246689
1627.3226315749534,13.581339442987282,0.9937136612437668,0.9982928241555523,0.002353620269379283,0.0,2.3541880347859205
1627.3434651044345,13.581448277897984,0.9936140557256469,0.9981702199110224,0.0023390428785470653,0.0,2.3750215642669446
1627.364298633916,13.576845355008274,0.9978353732017136,1.0023885136907453,0.0023154732140362425,0.0,2.3958550937484233
1627.3851321633397,13.58168024932953,0.9934017891979783,0.9979126718160395,0.0023137494222686323,0.0,2.416688623172149
1627.405965692763,13.578547186231782,0.9962725467934154,1.000774627834493,0.0022969690373976248,0.0,2.4375221525954203
1627.4267992221862,13.575665362529609,0.9989204234098062,1.003412826787487,0.0022829574586480895,0.0,2.4583556820186914
1627.447632751493,13.581554188943182,0.9935171357093753,0.997963960352128,0.0022892379838719903,0.0,2.479189211325547
1627.4684662808581,13.57878237003989,0.99605676528464,1.0004938717552867,0.0022806891826965144,0.0,2.5000227406906106
1627.4892998101063,13.57908140187484,0.99578247060088,1.0001975256027018,0.0022796415143872158,0.0,2.520856269938804
1627.5101333394132,13.577453267407257,0.9972768335625002,1.0016778987944712,0.0022772503374353377,0.0,2.5416897992456597
1627.5309668686036,13.581964432323344,0.9931418080436655,0.9975043353150834,0.0022855336278846694,0.0,2.5625233284361
1627.551800397853,13.57619216829885,0.9984358587487873,1.0028014905679397,0.0022763907504355315,0.0,2.5833568576854304
1627.5726339269854,13.579016031631546,0.9958424266949442,1.0001768610748762,0.002286425854376409,0.0,2.6041903868178906
1627.5934674561165,13.580763907322048,0.9942405565067981,0.9985484332658083,0.002293190599145361,0.0,2.6250239159489865
1627.6143009852485,13.580128400141579,0.9948226794604367,0.9991137206294932,0.0022948765054193842,0.0,2.645857445080992
1627.6351345143225,13.580729647871497,0.9942719293876481,0.9985414825584905,0.002301090989260113,0.0,2.666690974155017
1627.6559680433384,13.58171874218053,0.9933665705241881,0.9976133800741845,0.0023055949783709223,0.0,2.6875245031708346
1627.6768015723542,13.579985831538902,0.9949533187363724,0.9991882583860584,0.0023051655932030753,0.0,2.708358032186652
1627.697635101312,13.57788278240244,0.9968823909369436,1.0011070889607958,0.002304403161525039,0.0,2.7291915611444892
1627.7184686302116,13.581539383196317,0.9935306839943538,0.9977230146848237,0.002315094789404183,0.0,2.7500250900441188
1627.7393021591106,13.577029815937177,0.99766586056655,1.001857637314243,0.002311485053832512,0.0,2.770858618943066
1627.7601356880105,13.583679172621178,0.9915745431846199,0.9957230584175867,0.002329914148751102,0.0,2.791692147842923
1627.780969216852,13.581240399608298,0.9938043142472691,0.9979446818692608,0.0023311087524593398,0.0,2.8125256766845723
1627.8018027456346,13.575034743687088,0.9995007863143484,1.003647535249116,0.0023264052140414045,0.0,2.8333592054671044
1627.8226362744172,13.580282372189833,0.9946816101801496,0.9987913233661646,0.002346030650151498,0.0,2.8541927342496365
1627.843469803142,13.579599006681352,0.995307862725277,0.9994033361596412,0.00235167133877488,0.0,2.8750262629744157
1627.8643033318085,13.574248277254927,1.0002250493386455,1.004324071056589,0.002347656449312953,0.0,2.895859791640987
1627.8851368604746,13.578902272179423,0.9959467728735498,1.000011866266042,0.0023587414313419605,0.0,2.916693320307104
1627.905970389142,13.583775790602612,0.9914863084294478,0.9955170976857495,0.0023689302131562617,0.0,2.937526848974585
1627.9268039176925,13.579462218197554,0.9954332663265945,0.9994641566740811,0.002357862066197984,0.0,2.9583603775249685
1627.947637446242,13.582310211341829,0.9928255683155772,0.9968302132151793,0.002361387511703337,0.0,2.9791939060744426
1627.9684709747917,13.58449186841525,0.9908326070352862,0.9948137736730619,0.0023596848590432063,0.0,3.000027434624144
1627.989304503284,13.58176985690853,0.993319805511993,0.9972957052319357,0.0023485604325122257,0.0,3.0208609631165473
1628.0101380317174,13.576426804240395,0.9982201123962886,1.002200503224031,0.0023317768157897225,0.0,3.0416944915498334
1628.0309715601506,13.583365091368892,0.991861426889075,0.9958016457710093,0.002339857691993283,0.0,3.0625280199831195
1628.0518050885262,13.57688111079154,0.9978025127355107,1.0017516413626106,0.002322655395586217,0.0,3.0833615483586527
1628.072638616902,13.582054248438823,0.9930596550772756,0.9969755998529689,0.002329355988962915,0.0,3.1041950767344133
1628.0934721452195,13.577727274312185,0.9970251828771314,1.0009425064255484,0.0023161565390679016,0.0,3.1250286050519662
1628.2393068423926,13.584614464996566,0.9907207328692379,0.9945198131269527,0.002286400444438918,0.0,3.2708633022250524
1628.2601403704184,13.58151853489498,0.9935497619488945,0.9973471043936649,0.0022721472440738327,0.0,3.291696830250885
1628.3226409543227,13.583704367139454,0.9915515339555032,0.9953047289805925,0.0022400673950773863,0.0,3.3541974141551236
1628.3434744821739,13.586022571768126,0.989436685847958,0.9931701191437174,0.0022326626614076694,0.0,3.375030942006333
1628.3643080100255,13.577908535647358,0.996858745550724,1.0006085311602064,0.0022024475506104654,0.0,3.3958644698579974
1628.4059750656706,13.582604396639093,0.992556594030904,0.9962675651787629,0.0021859234509741146,0.0,3.4375315255031182
1628.426808593406,13.572708077214452,1.001644952132125,1.0053787686403097,0.002160222481047288,0.0,3.458365053238367
1628.4476421210825,13.577085676938559,0.9976145320945587,1.001322423925299,0.0021581188936575396,0.0,3.4791985809149537
1628.4893091764366,13.577261834997254,0.9974526846929694,1.00113873542538,0.002149355257908766,0.0,3.5208656362690363
1628.572643286679,13.576238670294995,0.9983930967353399,1.0020423125219673,0.0021429222278184783,0.0,3.60419974651154
1628.6351438689526,13.578344978963385,0.9964581096491822,1.000071965086993,0.0021535024014644228,0.0,3.666700328785055
1628.655977396339,13.580219877474226,0.9947388654629107,0.9983374271997348,0.002159760393324753,0.0,3.6875338561715125
1628.6768109236664,13.582099524937828,0.9930182441647444,0.9966017096392517,0.0021671049153271097,0.0,3.708367383498853
1628.697644450935,13.581338829845096,0.9937142224186957,0.9972914978051292,0.002168543551063646,0.0,3.7292009107675312
1628.7393115054745,13.578527942671993,0.9962902048581818,0.9998598144517947,0.002168050115381308,0.0,3.770867965306934
1628.7601450326274,13.579058191968638,0.9958037577834141,0.9993634168610238,0.002172714781896793,0.0,3.791701492459879
1628.7809785597806,13.577566803265377,0.9971725533877104,1.0007290536277453,0.0021744423069364077,0.0,3.812535019613051
1628.801812086934,13.577357025248482,0.9973652383969465,1.0009145391401766,0.0021801307436779384,0.0,3.833368546766451
1628.843479141065,13.58189872621654,0.9932019123820993,0.9967211906714264,0.002205591215976548,0.0,3.8750356008974904
1628.864312668102,13.57697306680168,0.9977180078141928,1.0012458927594459,0.0022052140229745585,0.0,3.895869127934475
1628.8851461950799,13.58328476353351,0.9919348121446057,0.9954350596329278,0.0022179314958222364,0.0,3.916702654912342
1628.9059797220589,13.584641710855255,0.9906958716752522,0.9941847325068042,0.002220649344616024,0.0,3.937536181891346
1628.9268132489792,13.579868466473801,0.9950608762371248,0.9985582178305725,0.002211803137854267,0.0,3.958369708811688
1628.947646775841,13.578695277879177,0.9961366670276829,0.9996310523525955,0.0022072337033720666,0.0,3.979203235673367
1628.9684803027026,13.579763397461459,0.995157175063634,0.9986415547522703,0.002204060045430924,0.0,4.000036762535046
1628.9893138295065,13.583913006907393,0.9913610114279183,0.994825706062344,0.002205117264184374,0.0,4.020870289338973
1629.0101473563109,13.579778224156922,0.9951435853983331,0.9986152387702109,0.0021884232394288124,0.0,4.041703816143354
1629.030980883056,13.578014231577832,0.9967617065243001,1.0002328890075938,0.0021743773971887657,0.0,4.06253734288839
1629.0518144097425,13.576041114742297,0.9985747762671887,1.0020463003026439,0.002161545118656926,0.0,4.083370869574992
1629.072647936431,13.57606900563971,0.9985491247426314,1.0020147410113145,0.002150942257751624,0.0,4.1042043962634125
1629.0934814631191,13.580952894059347,0.9940675108573093,0.9975119264900449,0.002151043867191087,0.0,4.125037922951606
1629.1143149896895,13.578052342014342,0.9967267197965091,1.0001748421836594,0.0021371094678878703,0.0,4.145871449522019
1629.1351485163182,13.576975356703306,0.9977159035519695,1.0011620830620098,0.0021264916670080845,0.0,4.1667049761506405
1629.155982042831,13.576462916503889,0.9981869115247661,1.001629497509609,0.0021178793363147617,0.0,4.187538502663529
1629.1768155693435,13.574254473785679,1.0002193408547966,1.0036638540328215,0.0021072956441660112,0.0,4.208372029175962
1629.1976490958564,13.579401156997196,0.9954892505141592,0.9989125575905701,0.0021094801030930367,0.0,4.22920555568885
1629.218482622311,13.576165348128729,0.998460522705109,1.0018892648746165,0.0020993087406113568,0.0,4.25003908214353
1629.2393161487075,13.578010162143483,0.9967654424814406,1.0001837332302028,0.0020979664822100793,0.0,4.270872608540003
1629.260149675104,13.57756345536794,0.9971756282014337,1.000590833097256,0.0020922583743990205,0.0,4.291706134936476
1629.2809832014418,13.575896298039563,0.9987079761646134,1.0021240688342952,0.0020840722403398103,0.0,4.312539661274286
1629.30181672778,13.583134405859093,0.9920721892887853,0.9954613942477639,0.0020911459894549463,0.0,4.333373187612551
1629.3226502540595,13.582271099106432,0.9928613342102799,0.996249182011575,0.002083044096992935,0.0,4.3542067138919265
1629.343483780281,13.574659964476144,0.9998458579565279,1.0032535885345744,0.002059379401532896,0.0,4.375040240113549
1629.364317306503,13.575201062510518,0.9993476892155497,1.0027499150741814,0.0020499919048475638,0.0,4.395873766335399
1629.3851508327257,13.577184119597046,0.9975240834439708,1.0009164390403478,0.0020420169400646466,0.0,4.416707292558158
1629.4059843588307,13.573625388965539,1.0007990444007653,1.0041989953620072,0.0020232207326519843,0.0,4.4375408186631375
1629.4268178849934,13.574670004151763,0.99983661254164,1.0032298884081894,0.0020131818621406546,0.0,4.45837434482587
1629.4476514110406,13.577446770143396,0.9972828014855464,1.0006641447675393,0.002008582748153249,0.0,4.479207870873097
1629.468484937146,13.578175772273127,0.9966134148853673,0.9999893576316984,0.0020025614725426672,0.0,4.500041396978531
1629.489318463135,13.576308223761096,0.9983291406142357,1.0017078880992205,0.0019909914039265924,0.0,4.5208749229675504
1629.510151989124,13.581836838131181,0.9932585275307415,0.9966172497663955,0.0019947663661036706,0.0,4.5417084489565696
1629.5309855151131,13.577790756501134,0.9969668892599094,1.0003354087298748,0.0019843720019701045,0.0,4.562541974945589
1629.5518190409844,13.575528560955533,0.9990462942200283,1.0024192119886126,0.0019815192760362053,0.0,4.583375500816828
1629.572652566915,13.575574680992432,0.9990038575092025,1.0023741333973155,0.001981584434670156,0.0,4.604209026747412
1629.5934860927887,13.573788754418391,1.0006484703582113,1.0040219157082264,0.001983575175341419,0.0,4.625042552621153
1629.6143196186026,13.579920804506283,0.9950129103748773,0.9983651130838902,0.0019966540685589155,0.0,4.645876078435094
1629.6351531443574,13.574748004489365,0.9997647858937873,1.0031308665447622,0.001991312475731693,0.0,4.6667096041899185
1629.655986670114,13.577844810671097,0.9969172557706839,1.00027174512769,0.0019984951643430577,0.0,4.687543129946562
1629.676820195871,13.573192516197974,1.001198133076076,1.004565136409378,0.0019920549849864366,0.0,4.708376655703432
1629.6976537215685,13.573606881065874,1.0008161045725539,1.004180052467354,0.0019946856260167627,0.0,4.729210181400958
1629.7184872472076,13.573402974870246,1.0010040800380426,1.0043670046526985,0.0019952000326865335,0.0,4.750043707040049
1629.7393207728473,13.578176557090014,0.9966126944905316,0.9999593359179697,0.0020060167650789483,0.0,4.7708772326798226
1629.7809878240091,13.577521131216262,0.9972145008437695,1.000560448450518,0.002008283063743447,0.0,4.812544283841589
1629.8018213495911,13.572120600263247,1.0021870751156883,1.0055485128973725,0.002004251025463264,0.0,4.8333778094236095
1629.8226548750572,13.577292175433174,0.9974248116918764,1.0007692041889762,0.0020173755970796267,0.0,4.854211334889669
1629.8434884005214,13.572332825611465,1.0019911999900786,1.0053499332650122,0.002015786983104252,0.0,4.87504486035391
1629.8643219259857,13.575000382545722,0.9995324187966433,1.0028820572976291,0.0020241875873216932,0.0,4.8958783858181505
1629.9059889767996,13.579118178110093,0.9957487418645375,0.9990843234444531,0.0020378205748327106,0.0,4.9375454366320355
1629.92682250209,13.573711127606892,1.0007200162150696,1.0040717196339843,0.0020298578674534974,0.0,4.958378961922563
1629.9476560274388,13.574322417483579,1.0001567506288247,1.0035061436582922,0.0020304952678140823,0.0,4.9792124872712975
1629.968489552729,13.574183512434212,1.0002847151467993,1.0036342206613482,0.002026410299220046,0.0,5.00004601256137
1629.9893230779605,13.573023057864766,1.0013544091649618,1.004707283019632,0.0020204038566714556,0.0,5.020879537793007
1630.0101566031922,13.575720101346304,0.9988700627942539,1.0022145081755358,0.0020158002384025524,0.0,5.041713063024645
1630.030990128367,13.573603966510774,1.000818791171365,1.0041697547725075,0.002002274888465309,0.0,5.062546588199439
1630.0518236534826,13.573985445409932,1.0004672102028462,1.003817090433587,0.0019932694653766606,0.0,5.0833801133151155
1630.072657178598,13.573607445914307,1.0008155839034827,1.0041668234271695,0.001982406600720696,0.0,5.104213638430565
1630.093490703714,13.57339261677682,1.0010136298192829,1.004365822973572,0.0019733706941326055,0.0,5.125047163546469
1630.1143242287715,13.578820842786872,0.9960214709278699,0.9993573380931322,0.0019719149978829776,0.0,5.145880688603938
1630.1351577537705,13.5768472218778,0.9978336574747798,1.001176078143097,0.0019595154863516237,0.0,5.1667142136029724
1630.15599127877,13.572875613545293,1.001490403566122,1.0048456581319376,0.0019463469720232202,0.0,5.187547738602461
1630.1768248037702,13.576598477993693,0.9980622889349978,1.0014067345055706,0.001951221945210512,0.0,5.208381263602632
1630.1976583286519,13.573328682343933,1.0010725770320723,1.004427883284325,0.001937256308672228,0.0,5.229214788484342
1630.2184918535925,13.572673391049173,1.001676952333636,1.005035150642512,0.0019327889312601137,0.0,5.250048313424941
1630.2393253784176,13.572417064202861,1.0019134619054573,1.0052734131695105,0.0019318514995069376,0.0,5.270881838250034
1630.260158903242,13.576025765986898,0.9985888929451247,1.0019387409523584,0.0019337879281484264,0.0,5.291715363074445
1630.2809924280668,13.577269466555014,0.9974456736980427,1.0007928220007059,0.0019305407566810751,0.0,5.312548887899311
1630.3018259528335,13.574580273583866,0.9999192473603339,1.0032759216076517,0.0019197880563105545,0.0,5.333382412665969
1630.3226594776006,13.572464392725493,1.0018697882670207,1.0052343263891237,0.0019071264029193683,0.0,5.354215937433082
1630.3434930022495,13.577523253954244,0.9972125511777105,1.000562848751258,0.0019016690195889949,0.0,5.375049462081961
1630.3643265269575,13.574604981120892,0.9998964929743113,1.003257295491383,0.0018836278102423922,0.0,5.395882986789957
1630.3851600516075,13.572422517402721,1.0019084297248917,1.0052775657846376,0.0018679952713197385,0.0,5.416716511439972
1630.4059935761995,13.574910335917775,0.9996153194642774,1.0029784019441914,0.0018602764151597864,0.0,5.4375500360320075
1630.4476606253256,13.57362818117722,1.0007964706271564,1.004167088451385,0.001834689977730205,0.0,5.479217085158098
1630.468494149859,13.576301354705535,0.9983354566972735,1.0016996819498551,0.0018309402215147196,0.0,5.5000506096914705
1630.4893276743346,13.576365474744176,0.99827650000263,1.0016425034041079,0.0018239203804446766,0.0,5.5208841341670905
1630.5101611987511,13.574338749827842,1.000141705739066,1.0035160575642987,0.0018177627998634046,0.0,5.541717658583593
1630.530994723168,13.575305065364809,0.9992519661164816,1.0026254508405377,0.001816209552378428,0.0,5.562551183000551
1630.551828247586,13.580081995401603,0.9948651994336284,0.9982260795496996,0.0018239182604125354,0.0,5.583384707418418
1630.5726617719456,13.576054220747398,0.9985627224671357,1.0019383786457068,0.0018197985256814663,0.0,5.604218231778077
1630.5934952962455,13.578992726136626,0.9958638028354896,0.9992326920708242,0.0018286229754343607,0.0,5.625051756077937
1630.6143288205465,13.572580622359052,1.0017625423953544,1.0051538257017774,0.0018234735052399223,0.0,5.645885280378934
1630.6351623447886,13.575700569502382,0.9988880321219471,1.0022720929805702,0.0018328816344522177,0.0,5.666718804621041
1630.676829393215,13.574948644815462,0.9995800498607958,1.0029716901927044,0.001836782629851211,0.0,5.708385853047503
1630.6976629173414,13.574970020240062,0.9995603708286611,1.0029546666126488,0.0018376631324180544,0.0,5.729219377173877
1630.7184964414673,13.577127199844792,0.9975763800440028,1.0009667246693228,0.0018406260879658823,0.0,5.750052901299796
1630.7393299655942,13.57486998501386,0.9996524704140758,1.0030527310962154,0.0018368198966290429,0.0,5.7708864254266246
1630.7809970136714,13.572825972695043,1.0015361936682232,1.0049487931776668,0.0018308738144212418,0.0,5.81255347350384
1630.8018305376804,13.57440322506919,1.0000823151956273,1.0034930197838385,0.0018352152701382291,0.0,5.833386997512889
1630.8226640616326,13.576111977059409,0.9985096048074725,1.0019180664452567,0.0018380705393527923,0.0,5.854220521465095
1630.843497585584,13.575973413074742,0.9986370448781632,1.002049122077871,0.0018415774066754542,0.0,5.875054045416391
1630.8643311094775,13.57388373600958,1.0005609361796584,1.003982836352245,0.0018409999981173594,0.0,5.895887569309934
1630.8851646333128,13.574812773629871,0.9997051471213018,1.0031274301085333,0.0018435972135139634,0.0,5.91672109314527
1630.9059981571481,13.573848624712788,1.0005932935422368,1.0040219881161145,0.001843032875088258,0.0,5.937554616980606
1630.9268316809826,13.574880404414863,0.9996428771722491,1.0030717448807376,0.0018476254045397687,0.0,5.958388140815032
1630.947665204701,13.575550534452741,0.999026075387204,1.0024563118827363,0.0018467240169362383,0.0,5.9792216645334975
1630.9684987284782,13.57549953030275,0.9990730072960976,1.0025069472156471,0.001844306524295021,0.0,6.0000551883106255
1630.9893322521384,13.575579556372137,0.998999371601689,1.0024366571461958,0.0018402996501153623,0.0,6.020888711970883
1631.0101657758564,13.576052061086257,0.9985647087316122,1.0020041502107695,0.0018356524450835585,0.0,6.041722235688894
1631.0518328230623,13.572608404052588,1.001736909738209,1.0051947686257867,0.0018176766031580362,0.0,6.083389282894814
1631.072666346664,13.574862605204224,0.9996592651308526,1.0031137690899417,0.001813023683424596,0.0,6.104222806496409
1631.0934998702073,13.577720399486335,0.9970314960093372,1.0004807807451532,0.0018107800801246414,0.0,6.125056330039797
1631.1143333936934,13.574143568630534,1.000321515901058,1.003786105702142,0.0017987140282240794,0.0,6.145889853525887
1631.1351669171795,13.575569866012692,0.9990082878616006,1.0024722955197432,0.0017951026369362386,0.0,6.1667233770119765
1631.1560004406065,13.574729546161459,0.9997817827877217,1.0032524919528312,0.0017884515135423347,0.0,6.187556900438949
1631.1768339639755,13.57314317546968,1.0012436330486567,1.004723491169075,0.0017830319759018578,0.0,6.208390423807941
1631.1976674873454,13.579370943351503,0.9955169531714648,0.998981006545999,0.001789775809345428,0.0,6.229223947177843
1631.218501010715,13.578091830780641,0.9966904690087233,1.0001627550124284,0.00178365104972051,0.0,6.250057470547517
1631.281001580533,13.582534495766218,0.992620497956593,0.9960912676906775,0.0017833853356227977,0.0,6.312558040365502
1631.3018351037276,13.578219645304749,0.99657314399059,1.0000620590043363,0.0017719771755053955,0.0,6.333391563560099
1631.34350215,13.58198754276309,0.9931206687470822,0.9966062382434098,0.001767275049864035,0.0,6.375058609832422
1631.3643356730777,13.577948321094752,0.9968222175761006,1.0003252257465898,0.0017532721370072811,0.0,6.395892132910149
1631.3851691961559,13.578217267781532,0.996575326268726,1.0000819523107602,0.001745759656974063,0.0,6.41672565598833
1631.426836242198,13.5815271938365,0.9935418382424345,0.9970468451070591,0.0017383757083530385,0.0,6.458392702030551
1631.4476697651594,13.579028823158291,0.9958306943147031,0.9993483701240754,0.0017299613813878767,0.0,6.479226224991862
1631.4685032880625,13.57886417262288,0.9959817222433823,0.9995045593201496,0.0017264606526990911,0.0,6.500059747894966
1631.4893368109665,13.582821221417039,0.9923583972917139,0.9958730667007133,0.0017314817770762091,0.0,6.520893270798979
1631.5101703338114,13.580289013766937,0.994675525613409,0.9982030925049964,0.0017223959280970788,0.0,6.541726793643875
1631.5310038566565,13.58028786359397,0.9946765793219438,0.9982088744165066,0.001721003556611898,0.0,6.562560316488998
1631.5518373794444,13.578565902943605,0.99625537246935,0.999798037954411,0.001719145035677122,0.0,6.583393839276823
1631.5726709021735,13.5781797881952,0.9966097286175681,1.0001584477507757,0.0017179054062779438,0.0,6.604227362005986
1631.5935044249027,13.580574086331248,0.9944143963635212,0.9979601150064097,0.001723226260577564,0.0,6.625060884735149
1631.6143379475725,13.577902866348552,0.9968639507790543,1.0004232616333313,0.0017216352659528726,0.0,6.645894407404967
1631.6351714702446,13.581047699218328,0.9939807138862491,0.9975345992841084,0.0017277581736888977,0.0,6.666727930077059
1631.6560049928576,13.577846161825665,0.9969160151484588,1.0004853098921231,0.001725839767913113,0.0,6.6875614526900335
1631.6768385154114,13.584210053280291,0.9910898222461738,0.9946431653473773,0.0017345598756067042,0.0,6.708394975243891
1631.6976720379662,13.580500722839755,0.9944815914856836,0.9980520493770199,0.0017308587244019519,0.0,6.729228497798658
1631.7185055604625,13.57322944065293,1.001164084228313,1.0047635470911063,0.001721191775291628,0.0,6.75006202029499
1631.7393390829006,13.583442000918208,0.9917911695712935,0.9953619226643324,0.0017345023194674945,0.0,6.770895542733115
1631.760172605338,13.583276029366226,0.9919427917619303,0.9955191023467974,0.0017339768197897263,0.0,6.791729065170557
1631.781006127718,13.577060893702711,0.9976373041070477,1.0012392097478857,0.0017281739513402,0.0,6.812562587550474
1631.8018396500975,13.585771446984626,0.9896655635530178,0.9932437306409785,0.001736449505864753,0.0,6.833396109929936
1631.8226731724185,13.582531451362248,0.9926232812680519,0.9962172252479057,0.0017314188249755833,0.0,6.854229632250963
1631.8435066946822,13.575592682663935,0.9989872940105298,1.0026094130182783,0.0017235420828905813,0.0,6.875063154514692
1631.864340216946,13.581189687646487,0.9938507333896033,0.9974593523588376,0.0017328267708548064,0.0,6.89589667677842
1631.885173739151,13.584164741302844,0.9911311851265739,0.994735057779315,0.0017360742675384506,0.0,6.916730198983487
1631.9060072612983,13.582726239205773,0.9924452144370874,0.996059018284113,0.0017330194523524388,0.0,6.9375637211308
1631.926840783446,13.585363340396773,0.990037629024277,0.9936478231294412,0.0017355098749169049,0.0,6.958397243278569
1631.9476743227635,13.58295135516942,0.9922394627084115,0.9958628702268351,0.0017320359633975482,0.0,6.979230782596005
1631.9685078447942,13.580380506897844,0.9945917095415807,0.9982289166558983,0.0017260960885864256,0.0,7.000064304626676
1631.9893413668246,13.581743451413093,0.9933439637010901,0.996981826041955,0.001725736351253659,0.0,7.020897826657119
1632.0310084107696,13.574971914596894,0.9995586268301121,1.0032297900220253,0.0017090095637233604,0.0,7.062564870602046
1632.0518419326831,13.579717366213625,0.9951993669859666,0.9988597868975108,0.0017113493883354994,0.0,7.083398392515619
1632.072675454539,13.582643421582647,0.9925209189113178,0.9961767465568662,0.0017108853146036891,0.0,7.104231914371439
1632.0935089763943,13.577711290579565,0.9970398607530022,1.0007176283264498,0.0017033020040425535,0.0,7.125065436226805
1632.114342498192,13.577836278309569,0.996925090170813,1.0006077395607438,0.001698945524943819,0.0,7.145898958024418
1632.1351760199318,13.576184068557785,0.9984433072450764,1.0021368848033574,0.00169399355954159,0.0,7.166732479764278
1632.1768430633529,13.576945853390514,0.9977430154086009,1.0014446577180827,0.001692369892047567,0.0,7.208399523185335
1632.1976765849765,13.576756685397175,0.9979168674791241,1.0016244916716353,0.0016913168626305005,0.0,7.229233044809007
1632.2185101065415,13.57839398907593,0.9964131305634119,1.0001205018720583,0.0016922821955408396,0.0,7.2500665663740165
1632.2393436281063,13.57966826897954,0.9952443711415323,0.9989527249414273,0.0016921834278461035,0.0,7.270900087938799
1632.2810106711195,13.574055002881895,1.000403117524963,1.00414142306328,0.001683846425043615,0.0,7.3125671309519475
1632.3018441925678,13.577927351244231,0.9968414703325889,1.0005718145014997,0.00168559739363602,0.0,7.333400652400314
1632.3226777139585,13.57559795471251,0.9989824432035554,1.0027261609211724,0.0016799623048180778,0.0,7.354234173790928
1632.3435112353482,13.57469948929474,0.9998094605271325,1.003561643691254,0.0016745787937572356,0.0,7.375067695180633
1632.364344756622,13.578128661890178,0.9966566591449234,1.0004023543316096,0.0016753079047833815,0.0,7.3959012164543765
1632.3851782778956,13.57539766918607,0.9991667422803628,1.0029272347889553,0.0016673423409098904,0.0,7.41673473772812
1632.406011799169,13.5775213536764,0.997214296521163,1.0009727856794877,0.0016669721864866437,0.0,7.437568259001409
1632.4268453203272,13.580696361422511,0.9943024121964934,0.9980552568094851,0.0016664713994770084,0.0,7.458401780159647
1632.4476788414845,13.579931423168903,0.9950031790472473,0.9987639943226461,0.0016639839240259865,0.0,7.479235301316976
1632.4685123626414,13.57824988358427,0.9965453893320175,1.0003173686725537,0.0016571581152930903,0.0,7.50006882247385
1632.4893458836818,13.577208498774581,0.9975016852374896,1.0012826164010613,0.0016545520904906227,0.0,7.520902343514308
1632.5101794047237,13.57772435587713,0.9970278628625102,1.0008123212142048,0.0016530362723644677,0.0,7.541735864556131
1632.531012925706,13.577584702205778,0.9971561146018374,1.0009463780554766,0.0016514117817981906,0.0,7.5625693855383815
1632.55184644663,13.580220258093348,0.9947385167441666,0.9985248868502552,0.0016540669776073456,0.0,7.583402906462425
1632.572679967556,13.580768309492868,0.9942365253177544,0.9980262711498057,0.0016539455909621774,0.0,7.604236427388514
1632.593513488423,13.576037880081849,0.9985777512579203,1.0023893425341968,0.0016485298615267988,0.0,7.6250699482554865
1632.6143470092306,13.575532872384446,0.9990423270422675,1.0028609850328978,0.0016469311756595211,0.0,7.645903469063114
1632.6351805300385,13.579539471865065,0.9953624405270677,0.9991722941858819,0.001653012313293436,0.0,7.666736989870969
1632.6560140507308,13.578560899744327,0.9962599633410761,1.0000785073088037,0.0016523631250342581,0.0,7.687570510563319
1632.6768475714225,13.57258394585754,1.0017594759495774,1.0056043725529134,0.0016457891674630247,0.0,7.708404031254986
1632.697681092055,13.577040604928802,0.9976559467817011,1.0014903315281234,0.0016520430643817451,0.0,7.729237551887536
1632.718514612689,13.57580440588095,0.9987925061960515,1.0026364887577386,0.0016503248692172397,0.0,7.75007107252145
1632.7393481332651,13.577306701821088,0.9974114669376525,1.0012553404023463,0.001649985324146694,0.0,7.770904593097612
1632.7601816537235,13.575360818521226,0.9992006552911259,1.0030566267628542,0.0016472498183406337,0.0,7.7917381135559936
1632.78101517424,13.577073978609407,0.9976252810094285,1.0014803521700921,0.0016475649827876666,0.0,7.812571634072583
1632.8018486946412,13.577232374570006,0.9974797499974138,1.0013394213200146,0.0016454741177831832,0.0,7.833405154473667
1632.8226822150418,13.577818457771698,0.9969414531575531,1.0008041793903242,0.0016473456833077577,0.0,7.854238674874296
1632.8435157353265,13.574754722697094,0.9997585996703721,1.0036373794583724,0.001641748001372479,0.0,7.875072195158964
1632.864349255668,13.580177945547074,0.994777283748062,0.9986418287241308,0.0016456644097276652,0.0,7.895905715500476
1632.8851827758945,13.575733180650714,0.998858029993958,1.0027435191176284,0.0016414816667623714,0.0,7.916739235726936
1632.9060162960625,13.577306590598543,0.99741156911224,1.001296498086886,0.00164032158903597,0.0,7.937572755894962
1632.92684981623,13.57626830489209,0.998365846494208,1.0022595431573613,0.0016376740366636573,0.0,7.958406276062533
1632.9476833363397,13.576839456075735,0.99784079457342,1.0017374677767366,0.0016364684981126341,0.0,7.9792397961721235
1632.9685168563915,13.577062147460712,0.9976361520822538,1.0015370269608779,0.001634736386053552,0.0,8.000073316223961
1632.9893503763847,13.578986345661306,0.9958696551807079,0.9997685919676402,0.0016375517414433868,0.0,8.020906836217137
1633.010183896377,13.576391148440566,0.9982528946879652,1.002166117875399,0.0016302397789014354,0.0,8.041740356209402
1633.0310174162546,13.57689095119418,0.9977934693473082,1.0017098249477068,0.0016293066851716903,0.0,8.062573876087072
1633.0518509361304,13.578880888795094,0.9959663880639084,0.9998804673003364,0.0016289304814425655,0.0,8.083407395962922
1633.072684455949,13.579663154245948,0.9952490595932824,0.9991651851026626,0.001627544511410966,0.0,8.104240915781475
1633.0935179757098,13.578016261131816,0.9967598432910445,1.0006867595535502,0.001624495892248521,0.0,8.125074435542274
1633.1143514954706,13.57829732246823,0.9965018483981296,1.0004325650653323,0.0016220678579303904,0.0,8.145907955303073
1633.1351850151145,13.574051395912765,1.0004064410110376,1.0043573665039967,0.0016153980548209079,0.0,8.166741474947003
1633.156018534758,13.577595070676923,0.9971465920907624,1.0010894072661525,0.0016190282373928185,0.0,8.187574994590477
1633.1768520543442,13.578104985703478,0.9966783930489056,1.0006240886590336,0.0016176948982121167,0.0,8.208408514176654
1633.1976855738715,13.573173250987898,1.0012158984074746,1.0051842805503317,0.0016107255917694621,0.0,8.22924203370394
1633.21851909334,13.577160098121212,0.9975461535063276,1.0015046649973123,0.0016145140663830907,0.0,8.250075553172564
1633.239352612752,13.579042971039529,0.9958177180479625,0.9997740021779229,0.0016166359208239888,0.0,8.270909072584573
1633.260186132105,13.577554520381002,0.9971838344193301,1.0011501562757967,0.0016126256568235451,0.0,8.291742591937464
1633.2810196514574,13.57492402217872,0.9996027188806167,1.003583248225569,0.001608539440074665,0.0,8.3125761112899
1633.301853170694,13.57943906244732,0.9954544963913082,0.999423037935491,0.0016137844242729328,0.0,8.333409630526376
1633.3226866899304,13.57928728102559,0.9955936665318466,0.9995672617459137,0.0016140208563506847,0.0,8.354243149762851
1633.3435202091086,13.575848528586686,0.9987519175777441,1.0027425973491004,0.0016059110467671574,0.0,8.37507666894112
1633.3643537282285,13.57883695016103,0.9960066946208548,0.9999908351258208,0.0016104575367533482,0.0,8.395910188060952
1633.3851872472906,13.575659584110605,0.9989257397989004,1.0029259634643695,0.001604211630018976,0.0,8.416743707123032
1633.4060207662947,13.57688973857352,0.9977945837484357,1.0017946418964103,0.001603956213414025,0.0,8.437577226127132
1633.4268542852396,13.580137700524187,0.9948141578767614,0.9988065797992083,0.001605614584687822,0.0,8.458410745072115
1633.447687804185,13.576518678434356,0.9981356473230177,1.002145687644582,0.0016023697940538949,0.0,8.479244264017552
1633.468521323014,13.575793746216654,0.9988023123027604,1.0028192843801866,0.001598237739773562,0.0,8.500077782846574
1633.4893548418436,13.577890752170816,0.9968750734204416,1.0008884962682658,0.0015999598831342263,0.0,8.520911301676051
1633.5101883605555,13.577971376829844,0.9968010501646561,1.0008183371309045,0.0015992741153541734,0.0,8.541744820387976
1633.5310218792683,13.581796953243018,0.9932950158902307,0.9973022808074177,0.0016028379741443903,0.0,8.56257833910081
1633.551855397865,13.576923640857327,0.9977634279420051,1.0017928064397654,0.0015970255296345866,0.0,8.583411857697456
1633.5726889164605,13.580137270165517,0.994814552196284,0.9988360479092007,0.0016002825706088188,0.0,8.604245376292965
1633.5935224349985,13.57784606980523,0.9969160996410369,1.0009500836433718,0.001597313312185431,0.0,8.62507889483095
1633.614355953479,13.577537383174917,0.9971995740434363,1.0012386574912397,0.001597370325236866,0.0,8.645912413311407
1633.6351894719005,13.580360244530858,0.9946102711131501,0.9986427636346698,0.0016004763988866017,0.0,8.666745931732976
1633.6560229902052,13.575978834923017,0.9986320579900071,1.0026847229197209,0.0015940983374109286,0.0,8.687579450037674
1633.6768565085104,13.580437563132,0.9945394443908191,0.9985793048027722,0.00159852738022338,0.0,8.708412968342827
1633.6976900267582,13.581927570208961,0.9931755270338195,0.9972136041997681,0.0016000903887817112,0.0,8.729246486590682
1633.7185235449465,13.575964043064202,0.9986456632515502,1.0027097062859107,0.0015928855043774572,0.0,8.750080004778965
1633.7393570630766,13.574868479858985,0.9996538562321293,1.0037256842772253,0.0015904866502971606,0.0,8.77091352290904
1633.7601905811493,13.577562260742528,0.9971767253850741,1.0012420892216372,0.00159308305047732,0.0,8.791747040981818
1633.781024099163,13.576662352513491,0.9980035740520052,1.0020758884181096,0.0015922318287463235,0.0,8.812580558995478
1633.8018576171185,13.57815113973557,0.996636025714539,1.0007062835452634,0.0015937224210454501,0.0,8.83341407695093
1633.822691135017,13.578838807452952,0.9960049908243005,1.000076142963237,0.0015934539745533613,0.0,8.85424759484954
1633.8435246528566,13.576914105096028,0.9977721910979371,1.0018539946175404,0.0015909341170089065,0.0,8.875081112689031
1633.8643581705796,13.57688535753527,0.9977986099428628,1.001883893890552,0.0015899976515947557,0.0,8.895914630412108
1633.8851916883018,13.580281399157133,0.9946825016104633,0.9987583386916842,0.0015941628260919853,0.0,8.916748148134275
1633.9060252059676,13.57633302621576,0.9983063351387198,1.002400296552746,0.0015885038437040532,0.0,8.937581665800053
1633.9268587235156,13.57692992929389,0.9977576490485464,1.001852577109744,0.0015901343171811774,0.0,8.958415183348052
1633.947692241064,13.57695627117056,0.9977334419805765,1.001831431649996,0.0015895607225294957,0.0,8.979248700896505
1633.9685257585545,13.58022228917832,0.9947366558901627,0.998825434170585,0.0015923576420462599,0.0,9.000082218386979
1633.9893592759286,13.578355349681587,0.996448591741557,1.0005474556417508,0.0015913238746853413,0.0,9.020915735761037
1634.010192793244,13.57688752098629,0.9977966217193326,1.001904024676713,0.0015876141272466384,0.0,9.041749253076432
1634.0310263105594,13.577424828061503,0.9973029561805115,1.0014112656389582,0.0015872449248800294,0.0,9.062582770391828
1634.051859827759,13.578860862800074,0.9959847584579155,1.0000905154516326,0.0015894418700823827,0.0,9.08341628759149
1634.0726933448996,13.576683437404471,0.9979841931083276,1.0021010154833923,0.001586179878115662,0.0,9.104249804732035
1634.093526861982,13.57839470936774,0.9964124695299333,1.0005255699169624,0.0015888494956403704,0.0,9.125083321814373
1634.114360379007,13.57669893898515,0.9979699445072584,1.0020921827654312,0.0015848395488283816,0.0,9.145916838839412
1634.1351938959156,13.579989250394448,0.9949501857503855,0.9990625880304057,0.001589835718024347,0.0,9.166750355748036
1634.1560274128235,13.577299171341528,0.9974183848360151,1.0015435725143327,0.0015847439400957235,0.0,9.187583872655978
1634.176860929615,13.5765671592256,0.9980910791071108,1.002221575320702,0.0015841432138679996,0.0,9.208417389447504
1634.1976944464068,13.577461402292343,0.9972693614877814,1.0013989210004155,0.0015878195711651862,0.0,9.229250906239258
1634.2185279630826,13.579018858255564,0.9958398341052865,0.9999658713852488,0.001587212614741663,0.0,9.250084422915052
1634.2393614796988,13.578523618740123,0.9962941725802931,1.0004244312545887,0.0015863971384725457,0.0,9.270917939531273
1634.2601949962,13.575859995168045,0.9987413697028606,1.0028840478909409,0.001583178993640375,0.0,9.291751456032443
1634.2810285127016,13.578942750483549,0.9959096427818197,1.0000427842559434,0.001587412919631081,0.0,9.312584972534069
1634.3018620290854,13.573888953122331,1.000556128357417,1.0047107082467182,0.0015800013451957038,0.0,9.333418488917914
1634.3226955454688,13.574697180562136,0.999811586545537,1.0039651620656278,0.0015821604325106599,0.0,9.354252005301305
1634.3435290617376,13.578259244220575,0.9965367976882105,1.000678784332271,0.0015854359801793624,0.0,9.3750855215701
1634.3851960940385,13.585142291893977,0.9902392144683037,0.9943588325759363,0.0015949771807316382,0.0,9.416752553870992
1634.4060296100738,13.58238489075746,0.9927572818541756,0.9968891819968605,0.001590233978332712,0.0,9.437586069906274
1634.426863126051,13.579403940511481,0.9954866983702908,0.9996317047743376,0.001586488304982396,0.0,9.458419585883576
1634.4476966419695,13.579762480382417,0.9951580156344544,0.999303327246747,0.0015876896364363769,0.0,9.479253101801987
1634.4685301578302,13.58080970532771,0.994198618811344,0.9983415418215859,0.0015888833261036475,0.0,9.500086617662646
1634.4893636735742,13.579723178512225,0.9951940393747306,0.9993426496675849,0.001586984647092007,0.0,9.520920133406662
1634.5101971892595,13.579713074984952,0.9952033003875417,0.9993534170759442,0.0015885646519796168,0.0,9.541753649092016
1634.5310307048871,13.579373741271548,0.9955143877478961,0.9996672017131272,0.0015865740239822481,0.0,9.562587164719616
1634.5518642203983,13.579888152612636,0.9950428343509976,0.9991950062759318,0.0015871837022785305,0.0,9.583420680230802
1634.5726977358522,13.583912473049057,0.9913614988819314,0.995499560848152,0.0015926041383843537,0.0,9.604254195684689
1634.5935312512465,13.5830419041745,0.9921567146621307,0.9962992750829798,0.0015906648710850204,0.0,9.625087711079004
1634.6143647665244,13.58040016738553,0.994573699659501,0.9987274622895116,0.0015871696316223833,0.0,9.645921226356904
1634.635198281745,13.5790491115715,0.9958120860784131,0.9999720583255444,0.0015863302296168086,0.0,9.666754741577506
1634.6560317969065,13.581997415597904,0.9931116381264842,0.9972612904388363,0.0015892976790080153,0.0,9.68758825673899
1634.6768653120098,13.578633003508498,0.9961938038928264,1.0003572250081776,0.001585896471113894,0.0,9.708421771842268
1634.697698826998,13.58007105524645,0.994875223999842,0.999033946720492,0.001588028823114072,0.0,9.729255286830494
1634.718532341869,13.579496891793376,0.9954014771134627,0.9995631404830598,0.001587430040534605,0.0,9.750088801701395
1634.7393658567394,13.582158046863047,0.9929647212435909,0.9971168570308203,0.001590339519967345,0.0,9.770922316571841
1634.760199371436,13.579089133921808,0.9957753791827393,0.9999398575072651,0.0015865483458589972,0.0,9.791755831268574
1634.7810328861315,13.581126709549466,0.9939083833445019,0.9980655618601416,0.0015908913568331337,0.0,9.812589345963943
1634.8018664007104,13.58070244242407,0.9942968433137757,0.9984560794287666,0.0015881440161922705,0.0,9.833422860542896
1634.822699915232,13.58088427852615,0.9941303351670563,0.9982892290711903,0.001588124702536267,0.0,9.854256375064551
1634.8435334296373,13.57902715308175,0.9958322261000054,0.9999985147325501,0.0015874487295601603,0.0,9.875089889469791
1634.8643669439848,13.578822526959481,0.9960199259201871,1.0001871967376932,0.001587271226085648,0.0,9.895923403817278
1634.8852004582154,13.577473743744997,0.9972580256931336,1.0014305908848942,0.0015860355011582084,0.0,9.916756918047895
1634.9060339723874,13.580398079314325,0.9945756124102159,0.9987369944472688,0.0015885279952525103,0.0,9.93759043221985
1634.9268674864438,13.580234288337248,0.9947256624856721,0.9988876293717259,0.001587384340163925,0.0,9.958423946276298
1634.9477010004416,13.583308589785624,0.9919130445831198,0.9960631194832377,0.0015917924879710564,0.0,9.979257460274084
1634.9685345143225,13.582425650589478,0.9927200132613713,0.9968732556117372,0.0015907232072909236,0.0,10.000090974155
1634.9893680281461,13.580578709858878,0.994410161732101,0.9985701879873539,0.001588846210654457,0.0,10.020924487978618
1635.0102015418533,13.585590005983521,0.9898309636885105,0.993971463768685,0.0015947618468769421,0.0,10.041758001685821
1635.0310350555014,13.584218745579093,0.9910818877088952,0.9952271704313129,0.0015927508722227749,0.0,10.062591515333907
1635.051868569033,13.586158724358373,0.9893126171093858,0.9934499640881852,0.0015943768683731505,0.0,10.083425028865577
1635.0935355958636,13.58124299409003,0.9938019394493706,0.9979567342678329,0.0015882781046419924,0.0,10.125092055696086
1635.1143691091625,13.5770831623908,0.9976168425566029,1.0017867928240918,0.001585028345969099,0.0,10.145925568994926
1635.1352026222876,13.583415096874987,0.9918157460042955,0.9959605749778605,0.0015908810529807976,0.0,10.166759082120052
1635.1560361354125,13.582515960548797,0.9926374436877118,0.9967847449893664,0.0015902461358920732,0.0,10.18759259524495
1635.1768696483625,13.58489416887173,0.9904655394473498,0.9946027227509419,0.0015958384994103976,0.0,10.208426108194999
1635.1977031612541,13.581200016028852,0.9938412791395568,0.9979914261365043,0.0015901280329012396,0.0,10.229259621086612
1635.218536674088,13.583662213511403,0.9915900316179875,0.9957295596762447,0.0015925228064572997,0.0,10.250093133920473
1635.2393701867463,13.581692730748406,0.9933903693037895,0.9975361028508568,0.0015896245904782889,0.0,10.2709266465788
1635.2602036993471,13.58071417929487,0.994286094965825,0.998434166976992,0.0015892717948148229,0.0,10.291760159179603
1635.2810372118902,13.586334408259267,0.9891525485421768,0.9932777240886157,0.0015951623768865621,0.0,10.312593671722652
1635.3018707242586,13.576774499177864,0.9979004946932544,1.0020605699772882,0.0015845992455447244,0.0,10.333427184091079
1635.3227042365684,13.581638074465122,0.9934403781289852,0.9975801913883616,0.0015900320890815077,0.0,10.354260696400843
1635.3435377487604,13.582690445070359,0.99247793353019,0.9966119834484032,0.0015918892756741343,0.0,10.375094208592827
1635.3852047728556,13.583029688023444,0.992167877967204,0.9962968549239768,0.0015926618254846446,0.0,10.416761232688032
1635.4060382847574,13.582025056998173,0.993086355146374,0.997217126015171,0.0015895390924065035,0.0,10.437594744589887
1635.4268717965435,13.582269302527655,0.9928629771094201,0.9969906976615471,0.0015908763275382315,0.0,10.45842825637601
1635.4477053082135,13.581237908435579,0.993806594489031,0.997936022925815,0.0015896903492949907,0.0,10.479261768045944
1635.4685388198245,13.579165739977093,0.9957051229525831,0.999840128191208,0.0015872684740313894,0.0,10.500095279656989
1635.489372331319,13.584293683964743,0.9910134848009388,0.995126614220172,0.00159308547220388,0.0,10.520928791151391
1635.51020584264,13.584640042325788,0.9906973941505254,0.9948067244178379,0.0015941582286394245,0.0,10.541762302472534
1635.5310393539016,13.580315511970555,0.9946512501099601,0.9987743882159525,0.0015885697777342823,0.0,10.562595813734106
1635.5518728650463,13.578139975582985,0.9966462737414721,1.000774988296456,0.0015859562519147127,0.0,10.583429324878807
1635.572706376075,13.58197054452949,0.9931362171180328,0.9972476121836662,0.0015912254557602992,0.0,10.604262835907548
1635.5935398870465,13.578660029326807,0.996169007245584,1.000290078640205,0.0015852481263060418,0.0,10.62509634687899
1635.6143733978424,13.581787020000172,0.9933041034436371,0.9974103535395835,0.001589510693477047,0.0,10.6459298576749
1635.635206908522,13.578226507400815,0.9965668454449484,1.000683507008185,0.001585689560706407,0.0,10.666763368354395
1635.6560404191446,13.577971668370182,0.9968007825050945,1.0009152368308105,0.00158472290381133,0.0,10.687596878977047
1635.6768739295915,13.577146201898685,0.997558921075447,1.0016732285206777,0.0015853870126172115,0.0,10.708430389423938
1635.6977074399801,13.57652264710243,0.9981319988660358,1.0022452957508885,0.001583735989411018,0.0,10.729263899812622
1635.7185409501944,13.584659706586855,0.9906794513429689,0.9947585901729968,0.0015926575808553147,0.0,10.75009741002691
1635.7393744602925,13.57550986144745,0.999063500826061,1.0031735873292216,0.0015831189982441465,0.0,10.77093092012501
1635.7602079703315,13.57942237361699,0.9954697976208312,0.9995614375210625,0.001586976808594773,0.0,10.791764430163994
1635.7810414801957,13.577367852454415,0.9973552924957799,1.0014509161061538,0.001585149296988164,0.0,10.812597940028127
1635.8018749899445,13.57823864725779,0.9965557026726253,1.000644176263469,0.001588661049096122,0.0,10.833431449776981
1635.8227084995765,13.578320362630212,0.9964807020825763,1.0005649011955724,0.0015857242527332368,0.0,10.854264959408965
1635.8435420090918,13.57942697966558,0.9954655745208634,0.9995415498195739,0.0015871658044148286,0.0,10.875098468924307
1635.8643755184921,13.580355385843564,0.9946147220203578,0.9986830543248273,0.0015883095077331847,0.0,10.895931978324597
1635.885209027775,13.578718690733286,0.9961151865327926,1.000185389881825,0.0015879983291495125,0.0,10.916765487607563
1635.9060425369416,13.576729226224252,0.9979421059470117,1.002015395569167,0.0015843958612480847,0.0,10.937598996774113
1635.926876045933,13.579639499064319,0.9952707435471151,0.9993286602700531,0.0015886110167538956,0.0,10.958432505765586
1635.9477095548086,13.579205187801453,0.995668946865709,0.9997239128650092,0.0015899646571196076,0.0,10.979266014641098
1635.9685430635664,13.57985066089531,0.9950771949153995,0.999125075719116,0.0015881695873192928,0.0,11.00009952339883
1635.989376572209,13.578875608547683,0.9959712317466616,1.0000179690345694,0.0015865829044589348,0.0,11.020933032041512
1636.010210080677,13.57846625720529,0.9963468101107581,1.0003901827685948,0.0015870575906319774,0.0,11.04176654050957
1636.0310435890292,13.579011180155803,0.9958468765015842,0.9998832321428407,0.0015863204797548706,0.0,11.062600048861668
1636.0518770972644,13.576390459233956,0.9982535283618811,1.0022945301750434,0.001584633582204295,0.0,11.083433557096896
1636.0727106053823,13.579209497885364,0.9956649943326977,0.9996903191348394,0.0015903927353626114,0.0,11.104267065214799
1636.093544113327,13.577150923216173,0.99755458320579,1.0015822323139874,0.0015859120407890623,0.0,11.125100573159443
1636.1143776211545,13.580750807762179,0.9942525522311794,0.998261465064819,0.001590843911712846,0.0,11.14593408098699
1636.1352111288065,13.576336477761423,0.9983031615368733,1.0023228751313913,0.0015843423077904384,0.0,11.166767588639004
1636.1560446363435,13.576633855534501,0.9980297686838033,1.0020427459669539,0.0015884714525152472,0.0,11.187601096175968
1636.176878143764,13.578601882718486,0.9962223585107577,1.0002223342070415,0.001587249185945935,0.0,11.208434603596515
1636.1977116510095,13.580475080222655,0.9945050791539523,0.9984923286024138,0.0015892877580240424,0.0,11.229268110841986
1636.2185451580804,13.57845620550756,0.9963560342881269,1.0003447543215236,0.001586857473468747,0.0,11.250101617912833
1636.2393786650937,13.576819042305598,0.9978595559300186,1.0018482265683426,0.0015849300778127192,0.0,11.270935124926154
1636.2602121718735,13.579188590091132,0.9956841678291428,0.9996579793687541,0.0015864194384809483,0.0,11.291768631705963
1636.2810456785364,13.579111631362595,0.995754746025776,0.9997225664036269,0.0015880094553253697,0.0,11.312602138368902
1636.3018791850836,13.578554657945695,0.9962656907654025,1.0002291626534994,0.001585933121908519,0.0,11.333435644916108
1636.3227126914562,13.577916148896424,0.9968517555403765,1.0008110604202998,0.0015854601013056096,0.0,11.35426915128869
1636.3435461976535,13.577089952627986,0.9976106034409049,1.0015663060452498,0.0015854929090936007,0.0,11.375102657485968
1636.3643797037348,13.578955726659826,0.9958977402388267,0.9998399410383187,0.0015881485934033876,0.0,11.395936163567285
1636.3852132096422,13.578893848623505,0.9959544998387566,0.9998900990986013,0.0015872478815221116,0.0,11.416769669474661
1636.4060467153745,13.578971046874297,0.9958836877836692,0.9998120726764795,0.0015876130269058394,0.0,11.43760317520696
1636.4268802209895,13.578591050238186,0.9962322979535614,1.000155010289946,0.0015872599574026083,0.0,11.458436680821933
1636.4477137264305,13.578191351135418,0.9965991149184961,1.0005161068322181,0.0015864885453854495,0.0,11.479270186262966
1636.468547231697,13.580194077848656,0.9947625030602157,0.9986650133744341,0.0015896261963386409,0.0,11.500103691529375
1636.4893807368467,13.579229866294021,0.9956463158349421,0.9995449151194529,0.0015870265496030877,0.0,11.520937196679142
1636.510214241764,13.579514815074097,0.9953850452096824,0.999275127965161,0.0015868139884916003,0.0,11.541770701596533
1636.5310477465655,13.57853839499753,0.9962806136707655,1.0001665873584114,0.0015868072315368344,0.0,11.562604206397964
1636.5518812511914,13.581321712977308,0.9937298886633763,0.9975982067832146,0.0015900440278734367,0.0,11.583437711023862
1636.5727147556431,13.579900946356132,0.9950311093594845,0.9988966646876464,0.0015887835964107499,0.0,11.604271215475592
1636.5935482599195,13.576088488377858,0.9985312066733129,1.0024023876749582,0.0015835046297886012,0.0,11.625104719752017
1636.6143817640218,13.579102014899675,0.9957635655539075,0.9996159532503106,0.0015890057593243993,0.0,11.645938223854273
1636.6352152680074,13.58057907522986,0.9944098270941331,0.9982488135371164,0.0015888863796304684,0.0,11.666771727839887
1636.6560487717607,13.578586392505267,0.9962365717301037,1.0000743114954909,0.001587489858430269,0.0,11.687605231593125
1636.6768822753395,13.578259781600252,0.9965363044574547,1.000366784859395,0.0015879156176119905,0.0,11.708438735171967
1636.6977157787435,13.578694757413755,0.9961371445422135,0.9999575633053789,0.0015863520137340574,0.0,11.729272238575959
1636.7185492819726,13.58064950200923,0.994345326334305,0.9981502450114547,0.0015898315292358892,0.0,11.7501057418051
1636.7393827850265,13.576605356427919,0.9980559659589093,1.0018663064384246,0.0015849293404108789,0.0,11.770939244858937
1636.760216287907,13.580777629629184,0.9942279906662121,0.9980148577993002,0.001589811304790746,0.0,11.791772747739515
1636.7810497906116,13.579668094430282,0.9952445311428111,0.99902628590411,0.001587894422939757,0.0,11.812606250444105
1636.8018832930838,13.578998940370317,0.9958581030046664,0.9996330800132095,0.0015874215955178452,0.0,11.83343975291632
1636.822716795441,13.580822386838511,0.9941870065367993,0.997946441840194,0.0015888958206097057,0.0,11.854273255273483
1636.8435502975644,13.581880605403672,0.9932184889465616,0.9969649418115465,0.0015905541793913912,0.0,11.875106757396907
1636.8643837994546,13.580434368174874,0.9945423709908033,0.9982843700111393,0.0015895106922874213,0.0,11.895940259287045
1636.8852173012285,13.579330654195104,0.9955538951857638,0.99929012165852,0.0015860764769178365,0.0,11.916773761060995
1636.9060508027696,13.576613112723386,0.9980488360600624,1.001784706505933,0.0015849886688739454,0.0,11.937607262602114
1636.9268843040775,13.579324284408088,0.995559735909181,0.9992764747588899,0.0015884403648251696,0.0,11.958440763909948
1636.9477178052693,13.579351798905032,0.9955345069648868,0.9992412185119286,0.0015877777858605343,0.0,11.979274265101822
1636.968551306229,13.57476877000779,0.9997456648260178,1.0034579614065324,0.001583439403755279,0.0,12.000107766061546
1636.9893848069555,13.580218064036579,0.994740526914749,0.9984240716917634,0.0015885658508543465,0.0,12.020941266787986
1637.010218307506,13.579820620704234,0.9951047271303829,0.9987793333435708,0.0015880161369256523,0.0,12.041774767338438
1637.0310518078245,13.580596484858805,0.9943938819987848,0.9980554637598115,0.001589728346382342,0.0,12.06260826765697
1637.0518853079695,13.577193675234117,0.9975153042063226,1.0011778228569708,0.00158548850127526,0.0,12.083441767802015
1637.0727188078804,13.578785842259752,0.99605357986765,0.9997000703169228,0.0015870396671134465,0.0,12.104275267712865
1637.0935523076168,13.581397348374667,0.9936606650925303,0.9972876423394155,0.0015902786235545622,0.0,12.12510876744932
1637.1143858070636,13.579166823773619,0.9957041290267934,0.9993276652174177,0.0015887890224204045,0.0,12.1459422668961
1637.135219306392,13.578213288136563,0.9965789791111352,1.0001946682179448,0.0015888078823588655,0.0,12.166775766224418
1637.1560528054297,13.580361576660342,0.9946090507901575,0.9982064613424616,0.0015886095282368511,0.0,12.187609265262154
1637.1768863042935,13.579015675501253,0.995842753339402,0.999433362897075,0.001587675831965339,0.0,12.208442764125948
1637.197719802925,13.57835588174412,0.9964481034343337,1.0000294987455223,0.001586852626031438,0.0,12.229276262757367
1637.218553301323,13.57596745232755,0.99864252746157,1.0022202645033806,0.0015832764997425152,0.0,12.2501097611555
1637.2393867994879,13.57883398945906,0.9960094106424738,0.999566077683879,0.0015885118036433252,0.0,12.270943259320347
1637.2602202974203,13.580067487555327,0.9948784931303358,0.9984193750034869,0.0015896839623977229,0.0,12.29177675725282
1637.2810537951186,13.5789195192126,0.9959309522805457,0.9994636986955847,0.001587028644870737,0.0,12.312610254951096
1637.3018872926436,13.575591652819817,0.998988241571891,1.002519790660086,0.0015836105023789525,0.0,12.333443752476114
1637.322720789878,13.580524457903756,0.9944598515583258,0.9979632790957079,0.0015928095974330455,0.0,12.354277249710549
1637.3435542868797,13.58129091582095,0.9937580764392603,0.9972468024901683,0.0015899320957707013,0.0,12.375110746712153
1637.364387783705,13.582660271277263,0.9925055159575039,0.9959775079290024,0.0015922919055348823,0.0,12.395944243537542
1637.3852212802394,13.575966277683179,0.9986436078809708,1.0021245362453197,0.0015845175495201446,0.0,12.416777740071893
1637.4060547765425,13.580816614342197,0.9941922923106934,0.9976450979046905,0.0015913559925092198,0.0,12.437611236375005
1637.4268882725535,13.578582102640453,0.9962405079796639,0.9996876677176899,0.0015868349007522446,0.0,12.458444732385942
1637.4477217683905,13.57876315672878,0.9960743917741729,0.9995080947504372,0.0015872425549561884,0.0,12.479278228222938
1637.468555263937,13.580740919366928,0.9942616074758531,0.9976760791592907,0.0015891462675439263,0.0,12.500111723769578
1637.551889243733,13.581059214343544,0.9939701719593652,0.9973304665142837,0.00159074499134972,0.0,12.58344570356553
1637.5935562320878,13.579015542689307,0.9958428751552006,0.9991821020277413,0.001587305644292671,0.0,12.625112691920322
1637.6352232193965,13.57836199452613,0.996442493367295,0.9997558108420666,0.0015862089154674306,0.0,12.666779679228966
1637.6768902056565,13.581034106255881,0.9939931581862881,0.997269966587091,0.0015893099494149931,0.0,12.708446665488964
1637.697723698409,13.582684987018503,0.9924829227804519,0.9957404023037456,0.0015912555246189984,0.0,12.729280158241409
1637.718557190869,13.577649832675803,0.9970962996134104,1.0003543754428947,0.001585173984022882,0.0,12.75011365070145
1637.760224174975,13.58267804171566,0.9924892715753809,0.9957029489895385,0.00159223989302591,0.0,12.791780634807537
1637.78105766668,13.579171255263017,0.9957000650163398,0.9989092277987367,0.0015884486650870654,0.0,12.812614126512472
1637.8227246491556,13.58289850110344,0.992287766491885,0.9954558247210444,0.0015918921348278044,0.0,12.854281108988062
1637.843558140045,13.581633938018776,0.9934441629531753,0.9966006502683616,0.0015904801780506166,0.0,12.875114599877406
1637.8643916305855,13.581577025382527,0.9934962391461903,0.9966374950559296,0.001590511237463044,0.0,12.89594809041796
1637.8852251208925,13.5848185342708,0.9905345397025259,0.9936509568276223,0.0015952003538823964,0.0,12.916781580725
1637.906058610908,13.58320293718518,0.9920095719819653,0.9951149985258094,0.0015930145267088755,0.0,12.937615070740549
1637.9268921006915,13.583813811916297,0.9914515882536573,0.9945395164095282,0.001593549089932855,0.0,12.958448560523948
1637.9685590793838,13.582145472296192,0.9929762214344507,0.996036963594972,0.001592675879216461,0.0,13.000115539216267
1637.9893925683532,13.581004656788323,0.9940201195845829,0.997067897761819,0.0015902947955751916,0.0,13.020949028185669
1638.0102260570306,13.582081394840621,0.993034826155409,0.9960632860600779,0.001591100829646156,0.0,13.041782516863123
1638.093560009061,13.58224427838163,0.9928858609686269,0.995847388041669,0.0015912755501938083,0.0,13.125116468893566
1638.135226983505,13.581836049782094,0.9932592487323884,0.9961878545773618,0.0015919732110686886,0.0,13.166783443337408
1638.1560604703775,13.579913394085633,0.9950197016095714,0.9979362497812981,0.0015898329528487535,0.0,13.18761693020997
1638.1768939570175,13.580447205915014,0.9945306115956756,0.9974283550861888,0.0015899590803183166,0.0,13.208450416849928
1638.1977274433666,13.579510564037953,0.9953889424971346,0.998271671344778,0.0015885271557105306,0.0,13.229283903199075
1638.260227901132,13.581625709288385,0.9934516922361775,0.9962755739264229,0.0015908623998062575,0.0,13.291784360964584
1638.2810613866081,13.582663913656251,0.9925021863502236,0.9953053732343516,0.0015924305775633072,0.0,13.312617846440617
1638.30189487191,13.581752100286575,0.9933360508471112,0.996123450919624,0.0015910871456888353,0.0,13.33345133174248
1638.3227283569774,13.582833032477156,0.9923476020903707,0.9951139755967308,0.001591433456574681,0.0,13.354284816809923
1638.343561841929,13.579100685149486,0.9957647851112851,0.9985222321099605,0.0015877731854652712,0.0,13.375118301761404
1638.364395326707,13.585077828111451,0.9902980100211849,0.9930218348592078,0.0015940393381201838,0.0,13.395951786539399
1638.3852288113094,13.585747418171565,0.9896874664350125,0.992391009673178,0.0015949963153814447,0.0,13.416785271141862
1638.4060622957954,13.583615136051872,0.9916330278370031,0.9943231143823918,0.0015937939459747716,0.0,13.43761875562791
1638.4268957801075,13.5831898896753,0.9920214932317168,0.9946937203935317,0.0015931556852489786,0.0,13.458452239940016
1638.4477292643605,13.580338716130377,0.9946299928286403,0.9972901520960427,0.0015894512057652262,0.0,13.479285724193005
1638.4893962326928,13.584067877710947,0.9912196125077777,0.9938321883768054,0.001594157163925015,0.0,13.52095269252527
1638.5102297167714,13.582807753039702,0.9923707074092062,0.9949668651457514,0.0015920166998652494,0.0,13.541786176603864
1638.5310632009075,13.580286887432198,0.9946774736143925,0.9972600354819574,0.001588294735728859,0.0,13.562619660739983
1638.5518966849863,13.583499671397671,0.9917384905199744,0.9942937142560391,0.0015935851372560965,0.0,13.583453144818805
1638.5727301691818,13.580385517590024,0.994587119493483,0.9971297835855237,0.0015893787651606497,0.0,13.604286629014268
1638.5935636534355,13.582197594012758,0.9929285538862214,0.9954469797553788,0.0015933177454547358,0.0,13.62512011326794
1638.6143971378046,13.582856317068595,0.9923263205298847,0.9948230990726707,0.0015938982073411508,0.0,13.645953597637117
1638.6352306223494,13.583946002358582,0.9913308844903707,0.9938049250412346,0.001593459654075269,0.0,13.666787082181827
1638.6560641070691,13.579572937957078,0.9953317605354618,0.9977953348142676,0.0015885528798883811,0.0,13.687620566901614
1638.676897592079,13.577935405786807,0.9968340752837309,0.9992807538510626,0.00158683570467606,0.0,13.70845405191153
1638.6977310773796,13.579628261451075,0.9952810448758544,0.9977031944492907,0.0015893858669281157,0.0,13.72928753721203
1638.7185645630302,13.580656906354829,0.9943385452660257,0.9967375672066039,0.0015902359128498627,0.0,13.750121022862686
1638.7393980490879,13.582253378621406,0.9928775390010091,0.9952520992891792,0.0015931026764758468,0.0,13.77095450892034
1638.7602315356116,13.58148674214145,0.9935788557057831,0.9959340064357348,0.0015908185588467982,0.0,13.79178799544411
1638.7810650226584,13.582699035516551,0.9924700809832095,0.9948014041287612,0.0015931219893806905,0.0,13.81262148249084
1638.8018985103458,13.579680734812268,0.9952329443524316,0.9975493668463983,0.0015901118330761905,0.0,13.833454970178309
1638.8227319986154,13.576179485571672,0.9984475217692389,1.000749828239315,0.0015852279640449123,0.0,13.854288458447854
1638.8435654877005,13.579957875082549,0.994978937967838,0.9972515920420146,0.0015902597055737554,0.0,13.875121947532989
1638.8643989775414,13.577874649625185,0.9968898581769269,0.9991450427169276,0.0015876151207239151,0.0,13.895955437373914
1638.8852324683144,13.576810051026083,0.9978678195131008,1.0001032286175024,0.0015856430642560073,0.0,13.916788928146843
1638.9060659600186,13.57825788323143,0.9965380468651373,0.9987483764033264,0.0015887635114754477,0.0,13.937622419851095
1638.9268994730264,13.580562888432532,0.9944246524543356,0.9966081095946844,0.0015920267728678737,0.0,13.958455932858897
1638.9477329670005,13.581720375839101,0.9933650758511869,0.9955239101102761,0.0015920307353807044,0.0,13.97928942683302
1638.9685664621966,13.576020269235794,0.9985939485087763,1.0007415945360143,0.0015869224774539318,0.0,14.00012292202905
1640.0727443792694,13.573858415715296,1.0005842703861239,1.0013430685288427,0.0026442665918848672,1.0,15.104300839101825
1640.0935779613696,13.575178792909842,0.9993681871063976,1.0000961308387197,0.0026739255073986515,1.0,15.12513442120212
1640.1560787105805,13.575408803486308,0.9991564958085185,0.9997936930410265,0.002700450833323731,1.0,15.187635170412932
1640.1769122945445,13.572805051146183,1.0015554929143988,1.0021636790656454,0.0026856086818914876,1.0,15.208468754377009
1640.197745878915,13.573856676306034,1.000585873378576,1.0011628230815557,0.002676661140637384,1.0,15.229302338747402
1640.2185794636343,13.573811893124713,1.0006271452294506,1.0011733350140797,0.002661862315083215,1.0,15.250135923466814
1640.2602466342375,13.573424733470883,1.0009840197050872,1.0014684090633876,0.002620374846923789,1.0,15.29180309407002
1640.2810802200045,13.572727080562244,1.001627420764259,1.0020809032727984,0.0026013643266129525,1.0,15.312636679836942
1640.3019138061213,13.579323516168499,0.9955604403424219,0.9959800092178813,0.0026050222132268904,1.0,15.333470265953792
1640.3227473924715,13.576146080353483,0.9984782418191652,0.9988676482786633,0.002585443005812193,1.0,15.354303852303929
1640.3852481530917,13.56831759315612,1.005703589821795,1.006000152024182,0.0025667587262946834,1.0,15.416804612924125
1640.4060817404306,13.570334722053177,1.003836883629663,1.0041007951227352,0.0025789524878924524,1.0,15.437638200263109
1640.426915328002,13.578339605717204,0.9964630410753956,0.9966930206327589,0.0026036380441093075,1.0,15.458471787834469
1640.4477489157484,13.574899192580784,0.9996255789614529,0.9998240549755585,0.0026044578082091586,1.0,15.479305375580907
1640.4685825036695,13.57040666602893,1.0037703687401354,1.0039371675672937,0.002599555129987926,1.0,15.500138963501968
1640.5310832683645,13.57920214093167,0.9956717409862971,0.9957396803931121,0.0026492197816535353,1.0,15.562639728196928
1640.5519168569258,13.569284014698153,1.0048088041679328,1.0048442961470117,0.0026318795638163484,1.0,15.583473316758273
1640.5935840343982,13.573958148891133,1.0004923632880838,1.0004614468140072,0.002642352234306146,1.0,15.625140494230664
1640.6144176232506,13.578808817432847,0.9960325026840935,0.9959685440885675,0.0026499832201746956,1.0,15.645974083083047
1640.6560848013635,13.57430029204404,1.0001771323137076,1.0000458726740062,0.0026275432551941067,1.0,15.68764126119595
1640.6977519798238,13.577735304243738,0.9970178090653954,0.9968196110385952,0.002629274169642296,1.0,15.729308439656279
1640.7185855692005,13.580215245407825,0.9947431093172525,0.9945115672003674,0.0026346759356640705,1.0,15.750142029032986
1640.7810863375626,13.573183020068631,1.0012068898518982,1.0008710038406303,0.0026231067147014114,1.0,15.812642797395029
1640.801919927171,13.578113280124892,0.9966707790087788,0.9963020275389456,0.0026291103728693214,1.0,15.83347638700343
1640.843587106448,13.574099172614966,1.000362420125661,0.9999228762915655,0.002604024783017887,1.0,15.875143566280485
1640.864420696173,13.574273415462084,1.0002018912517134,0.9997275135593126,0.00259344186573632,1.0,15.895977156005529
1640.885254285898,13.576634756881711,0.9980289401483177,0.9975206336716658,0.0025834971886505883,1.0,15.916810745730572
1640.9060878756825,13.576697315327275,0.9979714369167071,0.9974280734439975,0.002563953798547315,1.0,15.93764433551496
1640.9269214654664,13.577544080089385,0.9971934232495034,0.9966152914823796,0.0025416589820741304,1.0,15.958477925298894
1640.9894222348755,13.570474442577911,1.0037077108238983,1.003018755698075,0.0024577237710131997,1.0,16.020978694707992
1641.010255824775,13.572882014332677,1.0014844994540406,1.0007612071237286,0.002445601898544629,1.0,16.04181228460743
1641.0310894146169,13.57295308095609,1.0014189496526822,1.0006597103822172,0.0024283476001950594,1.0,16.062645874449345
1641.0519230044595,13.580139005727393,0.9948129619749927,0.9940228487392442,0.0024304406605221702,1.0,16.08347946429194
1641.0727565943012,13.57046760681918,1.0037140301538756,1.00288051358406,0.0023983922752056444,1.0,16.104313054133627
1641.0935901841435,13.573242954568821,1.0011516230402582,1.000283863310934,0.00239733971280415,1.0,16.125146643975995
1641.1144237739845,13.575272521632463,0.9992819180290732,0.9983793469379785,0.0023969883292694013,1.0,16.145980233817
1641.135257363827,13.574937480717447,0.9995903281097616,0.9986509050474094,0.0023941622871630173,1.0,16.166813823659368
1641.1560909536684,13.574228391632062,1.0002433689637746,0.9992666073835047,0.0023907616424252882,1.0,16.187647413500827
1641.1769245435112,13.56859132817769,1.0054500645254907,1.0044311716088605,0.0023741545962406964,1.0,16.20848100334365
1641.1977581332944,13.573087077265997,1.0012953669966407,1.0002436629778155,0.0023752321964073645,1.0,16.2293145931269
1641.218591723079,13.571013442366235,1.0032095566887524,1.0021186217512337,0.0023602920331753574,1.0,16.250148182911516
1641.239425312862,13.570836931465482,1.0033726642801395,1.002244195928074,0.0023474684247842955,1.0,16.27098177269454
1641.2602589025869,13.574492593979125,1.0,0.9988379679436162,0.002340503070074856,1.0,16.291815362419356
1641.2810924923128,13.573715869878505,1.0007156452861623,0.9995152702021416,0.0023233417215476645,1.0,16.31264895214531
1641.3019260820379,13.571312475696256,1.0029332908841373,1.0016925339880522,0.002302581298361528,1.0,16.333482541870353
1641.3227596717052,13.570379019597993,1.003795928375494,1.0025162205638676,0.002287212200910024,1.0,16.354316131537644
1641.343593261373,13.57142372892421,1.0028305275710323,1.0015140742823898,0.002278265232407694,1.0,16.37514972120539
1641.3644268509825,13.573622479746254,1.0008017260353723,0.9994499140076853,0.0022731641215948052,1.0,16.395983310814927
1641.3852604405906,13.570183551450873,1.0039766608522582,1.0025822900655226,0.002259317539482602,1.0,16.4168169004231
1641.406094030142,13.575643029424585,0.9989409709646104,0.9975153877600385,0.0022689667510849706,1.0,16.43765048997443
1641.4269276196928,13.572871563961641,1.0014941389363834,1.0000264860960206,0.0022642858657746416,1.0,16.458484079525306
1641.4477612091855,13.570032593644058,1.0041162607391854,1.0026061073474022,0.0022649237948952454,1.0,16.479317669017973
1641.4685947986195,13.569134413463239,1.004947264130814,1.0033970457090997,0.002267079716810407,1.0,16.50015125845198
1641.4894283880544,13.571296587262477,1.0029479677049915,1.0013619712603625,0.002277362739120117,1.0,16.520984847886893
1641.5102619774311,13.57455619233098,0.9999414254687854,0.9983213108114076,0.002289964987186082,1.0,16.5418184372636
1641.5310955668074,13.572234849192121,1.0020816233720873,1.00041896098398,0.002293495368503136,1.0,16.562652026639853
1641.5519291561245,13.576138004423914,0.9984856687336523,0.9967899075474099,0.0023105269472319155,1.0,16.583485615956988
1641.5727627453848,13.573224092609884,1.0011690157041033,0.9994294042466653,0.0023103971920834633,1.0,16.60431920521728
1641.5935963346446,13.567726757132778,1.0062510226272132,1.004462964372346,0.0023042844152594997,1.0,16.625152794477117
1641.6144299238454,13.568567124425481,1.0054724787503888,1.003646088811521,0.0023086336464831427,1.0,16.645986383677837
1641.6352635129895,13.57887411941979,0.9959725977594662,0.9941240046574848,0.0023314942586225365,1.0,16.66681997282194
1641.6560971020754,13.57017206524805,1.0039872821620246,1.0020839129843315,0.0023133019111673428,1.0,16.687653561907837
1641.6769306911601,13.573078972160785,1.0013028417723309,0.9993646413122352,0.0023165729323268856,1.0,16.708487150992596
1641.6977642801867,13.571083168818369,1.003145132202622,1.0011632525653016,0.0023105306573559677,1.0,16.729320740019148
1641.7185978691564,13.574275979399925,1.0001995293037207,0.9981833481317917,0.002316501870252038,1.0,16.750154328988856
1641.7394314580665,13.573069837821137,1.001311265806346,0.9992525553503239,0.0023161353563782177,1.0,16.770987917898992
1641.7602650469767,13.567910306830054,1.0060809247170335,1.003971804895176,0.002308025864972955,1.0,16.79182150680913
1641.7810986358295,13.571196564998207,1.003040367449221,1.0008970197640183,0.002318158294795458,1.0,16.812655095661967
1641.8019322246241,13.569023686546092,1.0050497571546593,1.0028613112476639,0.0023166791436175366,1.0,16.833488684456597
1641.8227658133596,13.570588784065778,1.0036020135194914,1.0013758506216328,0.0023221919245157018,1.0,16.85432227319211
1641.8435994020945,13.569043144134618,1.0050317457175302,1.0027613637020822,0.002314247769187403,1.0,16.87515586192694
1641.8644329907145,13.570094301950352,1.004059192960929,1.0017498781174923,0.002314035681168822,1.0,16.89598945054695
1641.8852665793345,13.572452700550311,1.001880577351972,0.9995351111408526,0.002308977474833227,1.0,16.916823039166957
1641.9061001678956,13.57125377162446,1.0029875193968822,1.0005981352914552,0.002300616872269751,1.0,16.937656627728074
1641.9269337563985,13.564278475524826,1.0094519408534952,1.0070054392032028,0.0022745766369792115,1.0,16.958490216230985
1641.9477673448441,13.57183804815672,1.0024479183272066,0.9999768470624437,0.0022769066075273865,1.0,16.979323804676596
1641.96860093323,13.569058441893874,1.0050175851642473,1.0024984058274347,0.002259998206711713,1.0,17.00015739306241
1641.9894345216167,13.569112498375343,1.0049675487356715,1.0024066037164876,0.002250583039916478,1.0,17.02099098144913
1642.010268109946,13.576534749290907,0.998120873222254,0.9955356530435429,0.0022556104353917126,1.0,17.041824569778555
1642.0311016981575,13.568403262165468,1.0056242388423817,1.002977426878581,0.0022336531218132153,1.0,17.062658157989972
1642.051935286369,13.567779354798084,1.006202276741887,1.0035116450372086,0.002225222188557395,1.0,17.08349174620139
1642.0727688745235,13.571573312661943,1.0026923754074808,0.9999688571844428,0.0022315614233508717,1.0,17.104325334355963
1642.093602462619,13.572882057998072,1.0014844591770227,0.9987218855094376,0.0022277138630119597,1.0,17.12515892245142
1642.1144360507146,13.574577332927621,0.9999219555897821,0.9971213016720839,0.002229064025276447,1.0,17.145992510547103
1642.1352696386934,13.568551841402845,1.0054866320656586,1.0026276508151257,0.002217568479661451,1.0,17.166826098525917
1642.156103226615,13.569422288583851,1.0046808449360043,1.0017813276264749,0.0022221171582334502,1.0,17.187659686447432
1642.176936814536,13.57220035328918,1.0021134619157555,0.9991785230634017,0.0022291581112896526,1.0,17.208493274368493
1642.1977704023407,13.570648890784508,1.0035464553148814,1.0005643050923834,0.002227281825311818,1.0,17.22932686217314
1642.2186039901449,13.569633949205466,1.0044850048739868,1.0014568979292726,0.002224704094721041,1.0,17.25016044997733
1642.2394375778915,13.575475685500805,0.9990949490527415,0.9960400396821977,0.002234285553323054,1.0,17.270994037723995
1642.2602711655795,13.572238919895316,1.0020778663183936,0.9989705395612928,0.0022217119992782074,1.0,17.291827625411997
1642.2811047532095,13.564134816712869,1.0095855149760617,1.0064111715550819,0.0022001775842260297,1.0,17.31266121304202
1642.3019383407814,13.569249702871222,1.0048405589997396,1.0016374886872284,0.002204097482696902,1.0,17.333494800613835
1642.3227719282945,13.567727810853935,1.006250046047937,1.0029986606654084,0.0021934727749260657,1.0,17.354328388126987
1642.3436055158086,13.569623675140951,1.0044945101226168,1.001204934533392,0.0021891680378329525,1.0,17.37516197564105
1642.3644391032055,13.568907702769561,1.0051571273357545,1.00182137776375,0.002180245578317984,1.0,17.395995563038014
1642.3852726905445,13.567449645283713,1.0065078802947744,1.0031234738077301,0.002175242341786136,1.0,17.416829150376998
1642.406106277883,13.570853038632526,1.0033577791071466,0.9999398112019432,0.0021798375735326506,1.0,17.437662737715527
1642.4269398651054,13.569060690929014,1.0050155033348718,1.0015475493979769,0.002179004408712104,1.0,17.45849632493787
1642.4477734523289,13.568520490457303,1.0055156662008664,1.0020015149137944,0.0021828262215241377,1.0,17.479329912161347
1642.4686070394926,13.569857190374169,1.0042784912167244,1.0007241287722903,0.002190393401071425,1.0,17.500163499325026
1642.489440626598,13.564042662636325,1.0096712092440612,1.0060528791337784,0.0021852049985954425,1.0,17.520997086430498
1642.5102742136469,13.565214956286695,1.0085816329954402,1.0049222589898708,0.002196428746182115,1.0,17.541830673479353
1642.5311078006366,13.571328950875593,1.002918072288319,0.9992344398781997,0.0022188310250471116,1.0,17.56266426046909
1642.5519413875675,13.569492619743151,1.0046157664393183,1.0008809072013822,0.00222603412113046,1.0,17.58349784739994
1642.5727749744406,13.566009787155492,1.0078435545814095,1.0040514447819324,0.002231764066808494,1.0,17.604331434273035
1642.5936085612561,13.56995674361869,1.0041864112084635,1.000362865721709,0.0022502698328918454,1.0,17.625165021088605
1642.614442148013,13.567096580457333,1.0068352345028646,1.00295617958547,0.002253742771369641,1.0,17.645998607845513
1642.6352757347695,13.571358104617874,1.0028911427060418,0.9989819270993853,0.0022711421359455594,1.0,17.666832194601966
1642.65610932141,13.568691136175195,1.0053576412050504,1.0013932325379664,0.002271771258101583,1.0,17.68766578124246
1642.6769429080505,13.567653733353579,1.0063187027167908,1.002304774078627,0.002271713240563231,1.0,17.70849936788295
1642.6977764945746,13.569921766211994,1.0042187619784932,1.0001674632824231,0.002276298134977175,1.0,17.729332954407028
1642.7186100810986,13.567975154786268,1.0060208361401413,1.0019163318140691,0.0022717739179879516,1.0,17.750166540931104
1642.7394436675645,13.569258913007545,1.0048320351251208,1.0006863944458226,0.002274431044589762,1.0,17.771000127396974
1642.7602772539715,13.569329404705158,1.004766798268959,1.0005753322911735,0.002275702459731329,1.0,17.791833713803953
1642.7811108403216,13.568711023568042,1.0053392262722498,1.0010991454253524,0.0022744433597850257,1.0,17.81266730015409
1642.8019444266124,13.567639434781096,1.0063319554899752,1.002041309316697,0.002271015522329563,1.0,17.83350088644488
1642.822778012846,13.57297542109755,1.0013983446376358,0.9970824731388959,0.002278886365774425,1.0,17.854334472678374
1642.84361159902,13.572633340710329,1.001713902599371,0.9973502934852949,0.002273378776101263,1.0,17.875168058852523
1642.864445185136,13.567095496574892,1.0068362396195516,1.0024035944435805,0.0022561019484831075,1.0,17.896001644968464
1642.8852787711953,13.567239971769887,1.0067022722859427,1.0022233958643658,0.002248630201981738,1.0,17.91683523102779
1642.9061123572535,13.572124671973654,1.0021833167369294,0.9976778278960242,0.0022507685361104457,1.0,17.937668817085978
1642.9269459431948,13.565564880761766,1.0082566272250197,1.0036767296718276,0.0022252432707103335,1.0,17.958502403027296
1642.9477795291375,13.56733977566957,1.0066097376588157,1.0019901903654012,0.002217818787863491,1.0,17.97933598896998
1642.968613115021,13.563512283307173,1.0101645515079494,1.0054812883430375,0.0021995827408318406,1.0,18.000169574853544
1642.9894467007884,13.572535985457266,1.0018037278096465,0.9971121140614222,0.0022077683137112086,1.0,18.02100316062092
1643.0102802865554,13.56282904256053,1.0108004359775697,1.0060190470530441,0.002179041679762942,1.0,18.041836746387844
1643.0311138722645,13.57042261708937,1.0037556219866073,0.9989601455572292,0.0021869664564276915,1.0,18.062670332097014
1643.0519474579155,13.567648559967338,1.0063234977007938,1.0014681194429067,0.0021764808275925866,1.0,18.083503917747976
1643.0727810435085,13.5661638381249,1.00770056564739,1.00279074104999,0.0021689069556278914,1.0,18.104337503340957
1643.0936146290428,13.571110030328978,1.003120314332343,0.998185121226007,0.0021752671843740185,1.0,18.125171088875277
1643.1144482145196,13.56579106608448,1.008046604664499,1.0030391512802996,0.0021621538253928747,1.0,18.14600467435207
1643.1352817999955,13.56733536711179,1.0066138249372723,1.001565435445546,0.0021643467481717734,1.0,18.166838259827955
1643.1561153853545,13.562651843148956,1.010965418833189,1.0058468409735537,0.0021531799666407525,1.0,18.18767184518697
1643.1769489707144,13.565519971973696,1.0082983321248336,1.0031449223088542,0.0021589418645272694,1.0,18.208505430546893
1643.2602833115138,13.566361085722125,1.0075175115497312,1.0021739034083708,0.0021447747994493616,1.0,18.291839771346304
1643.2811168965825,13.565641022981008,1.0081859210949895,1.0027899436682424,0.002135407917039452,1.0,18.31267335641496
1643.3019504815925,13.570746911555952,1.003455858761999,0.998036503911832,0.002137866908007371,1.0,18.333506941424957
1643.322784066545,13.564397967910809,1.0093408501640144,1.0038406389778645,0.0021177114287987677,1.0,18.354340526377428
1643.364451236334,13.56978196653381,1.0043480737743211,0.9987771102922839,0.0021086439646675757,1.0,18.396007696166407
1643.3852848211109,13.563962447327828,1.0097458075480503,1.0040955205488966,0.002093613573206427,1.0,18.416841280943345
1643.4061184058896,13.566190831175433,1.0076755129927535,1.0019874298982374,0.0020927109335814814,1.0,18.4376748657221
1643.4269519906084,13.567981296127321,1.0060151457159268,1.000287040226619,0.002092656797141195,1.0,18.45850845044083
1643.4477855752698,13.567118875221386,1.0068145601222647,1.0010323741041829,0.00209175924231958,1.0,18.479342035102263
1643.4686191598155,13.566480666997474,1.00740655126865,1.0015713168987854,0.0020928266225659115,1.0,18.500175619647962
1643.4894527443605,13.56840756096828,1.0056202572382593,0.9997457108995143,0.002099262972311696,1.0,18.52100920419298
1643.510286328905,13.571173399316628,1.0030617689292043,0.997152545941397,0.0021108989171610176,1.0,18.54184278873754
1643.531119913333,13.569890994516491,1.0042472237279791,0.998281242732296,0.0021169678915646984,1.0,18.56267637316546
1643.5519534977034,13.562994486008655,1.0106464229049552,1.0045922436342416,0.0021107509036434754,1.0,18.583509957535853
1643.5727870820735,13.565695430304183,1.0081354011596235,1.0020461116496389,0.0021241130513054624,1.0,18.60434354190602
1643.5936206663275,13.572493443940752,1.0018429814373626,0.995741771285438,0.002145262368908668,1.0,18.625177126159997
1643.6144542505815,13.563472135336895,1.010201905706929,1.0039993515179333,0.0021362605608963863,1.0,18.646010710413975
1643.6352878347775,13.567505731303193,1.0064558883262753,1.00022599418289,0.002150631420456091,1.0,18.666844294609973
1643.6561214189146,13.570631024300312,1.0035629694500177,0.9973006963117056,0.002162435095576533,1.0,18.68767787874708
1643.6769550029935,13.566901951720725,1.0070157356537282,1.000681367375975,0.002161158317454718,1.0,18.70851146282598
1643.6977885870147,13.568506789934998,1.0055283545285363,0.9991527834886272,0.0021631646686156567,1.0,18.72934504684713
1643.7186221709776,13.56551615706995,1.0083018749447414,1.0018579265451701,0.002158137782176002,1.0,18.75017863081007
1643.73945575494,13.564112623438351,1.0096061518834283,1.0031029218957406,0.0021549486535503174,1.0,18.771012214772554
1643.760289338787,13.565946807657282,1.0079020175137756,1.0013588173312056,0.0021582382427857458,1.0,18.791845798619534
1643.781122922634,13.56818516569567,1.0058262631694062,0.9992456100210931,0.0021620674928787636,1.0,18.812679382466513
1643.8019565064214,13.565643801152758,1.0081833413614898,1.001536132048622,0.0021575325767295706,1.0,18.83351296625392
1643.822790090151,13.564564634487095,1.009185922593109,1.0024808292768999,0.0021538796306096297,1.0,18.854346549983575
1643.8436236738235,13.57018787963503,1.0039726586027262,0.9972511098650415,0.0021634485821975346,1.0,18.87518013365593
1643.8644572574365,13.565389017019251,1.0084199543245231,1.001617227083207,0.0021509367814197956,1.0,18.896013717268943
1643.8852908409922,13.562213146442762,1.0113739865957843,1.004499690319957,0.0021402923065588202,1.0,18.916847300824656
1643.9061244245477,13.561168664740947,1.012347399744084,1.0054147103182867,0.0021301936590849787,1.0,18.937680884380143
1643.9269580079872,13.56545983744392,1.0083541792311244,1.001397182910053,0.0021289879981099373,1.0,18.95851446781967
1643.9477915914256,13.569115266323314,1.0049649867005028,0.9979798081785258,0.002123513771518907,1.0,18.979348051258057
1643.9686251748055,13.563346234906483,1.0103190540792018,1.0032447401065765,0.002100595513951027,1.0,19.00018163463801
1643.9894587581284,13.55958452658888,1.013825538388859,1.0066744855935064,0.0020813108616161372,1.0,19.021015217960894
1644.0102923413924,13.564495740412363,1.0092499612942079,1.0020791486939504,0.002076831864350583,1.0,19.041848801224887
1644.031125924599,13.564967745571877,1.0088113025714072,1.0015915166272076,0.0020657713176287194,1.0,19.062682384431582
1644.0519595077476,13.564900909427775,1.0088734052558561,1.0016009995015298,0.0020559995308162497,1.0,19.08351596758007
1644.0727930908952,13.564241291517352,1.0094865128896011,1.002157398397324,0.002047211941748182,1.0,19.104349550727648
1644.0936266739259,13.564408335327794,1.0093312122727218,1.0019508639283912,0.0020433147122935593,1.0,19.125183133758355
1644.1144602569575,13.563067492730777,1.0105784676303555,1.0031364965395688,0.0020308419299448965,1.0,19.146016716789973
1644.1352938399314,13.56376563689691,1.0099288598579852,1.0024391238429595,0.0020271229434115612,1.0,19.166850299763837
1644.1561274228457,13.561187864646998,1.012329497786847,1.0047692034841484,0.0020168754872717334,1.0,19.18768388267813
1644.1769610057027,13.563001124132931,1.010640243893868,1.0030398223654824,0.0020148397977928115,1.0,19.208517465535124
1644.197794588501,13.560968407132048,1.0125341384436932,1.0048665533296932,0.00200748025022834,1.0,19.229351048333456
1644.2186281713011,13.563415904863056,1.0102542256006142,1.0025510247141465,0.00200727076485409,1.0,19.250184631133607
1644.2394617539826,13.56141497966316,1.0121177601805924,1.0043473004915966,0.002000507551539634,1.0,19.27101821381507
1644.2602953366645,13.55582702710317,1.0173402488452252,1.0094762910963622,0.001987395348352345,1.0,19.291851796496985
1644.2811289192887,13.56154060550448,1.01200065918591,1.0041247779642117,0.0019925458975319213,1.0,19.31268537912115
1644.3019625018546,13.554792459781249,1.0183101055963328,1.0103315145062255,0.0019742933786587227,1.0,19.333518961687105
1644.3227960843615,13.563121425915659,1.010528269100179,1.002557380504436,0.0019817875383071467,1.0,19.354352544193944
1644.343629666811,13.557827362395475,1.0154676502273619,1.0074041947732841,0.001967349319672207,1.0,19.375186126643484
1644.3644632492606,13.560294077924052,1.0131631986293306,1.0050644832058595,0.001965257518731779,1.0,19.396019709093025
1644.3852968315937,13.565148795084323,1.0086430945239422,1.0005271229043164,0.001962385908073686,1.0,19.41685329142615
1644.4061304139268,13.564417882478837,1.009322337008982,1.0011474001874667,0.0019568209709882674,1.0,19.437686873759276
1644.4269639962015,13.56401993124286,1.009692348332622,1.0014608233021058,0.0019525925930097355,1.0,19.458520456033966
1644.4477975784175,13.5652132309933,1.008583235687333,1.0003071502108265,0.001954105680133763,1.0,19.479354038249994
1644.468631160576,13.562289441864262,1.0113029191549368,1.0029506991939696,0.0019477724227846762,1.0,19.500187620408497
1644.4894647426763,13.564482133897135,1.0092626093582169,1.000873458117988,0.0019540558828715394,1.0,19.52102120250879
1644.5102983247184,13.563321261901779,1.010342292682232,1.0018902606253983,0.0019546760534798232,1.0,19.54185478455088
1644.5311319067605,13.556618561328708,1.0165988476056143,1.0080401693470735,0.0019467238905589213,1.0,19.562688366592965
1644.5519654887435,13.563308868128232,1.0103538258935179,1.0017936779438699,0.001964831489284935,1.0,19.583521948575935
1644.5727990706696,13.56374386062672,1.0099491158871905,1.0013383055933607,0.0019702295837976244,1.0,19.604355530502062
1644.593632652536,13.561518218857668,1.0120215257046825,1.003338776067965,0.001974098001686672,1.0,19.62518911236839
1644.614466234345,13.560818375561052,1.0126740643144707,1.0039313447241307,0.0019795824854820033,1.0,19.646022694177418
1644.635299816097,13.559078641491245,1.0142980276846847,1.0054867623380133,0.0019816693443571185,1.0,19.666856275929376
1644.6561333977895,13.56648049584089,1.0074067100772781,0.9986010879107272,0.001999756292714041,1.0,19.68768985762199
1644.6769669794826,13.56138539666962,1.012145337672199,1.0032437573551585,0.001992589029089991,1.0,19.70852343931506
1644.6978005611165,13.562720486787095,1.01090150445841,1.0019563248697079,0.0019990906598015713,1.0,19.72935702094901
1644.7186341426932,13.561331765364706,1.0121953350985413,1.0031840326574137,0.0019984221734496003,1.0,19.750190602525663
1644.739467724211,13.559049004801679,1.0143257147470837,1.0052405951637395,0.001998392841182437,1.0,19.771024184043426
1644.76030130567,13.566018543786637,1.007835426199365,0.9987538780198175,0.002009720729580839,1.0,19.791857765502527
1644.7811348870725,13.55955026610275,1.0138575302333506,1.0046667644789276,0.0019993287598696094,1.0,19.812691346905012
1644.8019684684741,13.556793463034921,1.0164350964553452,1.0071658118164293,0.001994412050873861,1.0,19.833524928306588
1644.822802049759,13.559812062449726,1.0136130949836173,1.0043144811644482,0.0019979725365444376,1.0,19.85435850959152
1644.843635631044,13.55937731919505,1.0140190404509417,1.0046615593879507,0.00199454202241483,1.0,19.875192090876453
1644.8644692122716,13.556972676993052,1.0162673353334062,1.0068337786017536,0.001987124589037636,1.0,19.896025672104088
1644.8853027934397,13.560291874941935,1.013165254361343,1.0037052762252459,0.001987255717543615,1.0,19.91685925327215
1644.9061363745504,13.562521244275665,1.0110870311411442,1.001591293639132,0.0019865771016410573,1.0,19.937692834382915
1644.9269699556035,13.565122678474916,1.0086673570054179,0.9991392538527479,0.001982096839250148,1.0,19.958526415435927
1644.947803536656,13.559821772289968,1.0136040301876112,1.0039738772965705,0.0019624292474628292,1.0,19.979359996488483
1644.968637117592,13.5577829456735,1.0155091931608038,1.005805359270151,0.0019472799345035892,1.0,20.000193577424398
1644.989470698527,13.565196365603267,1.0085989027358204,0.9989058466205519,0.0019456069094141927,1.0,20.021027158359402
1645.0103042794055,13.558483083162344,1.0148545526878376,1.0050457189775064,0.0019220433851012786,1.0,20.041860739238018
1645.0311378602246,13.56412225371434,1.0095971969064084,0.9997837550931175,0.0019175690829742827,1.0,20.062694320057062
1645.0519714409857,13.560669340917247,1.0128130795528039,1.002912725164697,0.001903428489499089,1.0,20.083527900818126
1645.0728050217472,13.5628191445184,1.0108096509147348,1.0008732805078375,0.001897758394565482,1.0,20.104361481579645
1645.0936386023925,13.560364250948798,1.0130977182406387,1.0030830777351294,0.0018862493347718459,1.0,20.125195062224975
1645.1144721830374,13.563104200764457,1.0105443012083755,1.0004992117034077,0.0018844356272831285,1.0,20.14602864286985
1645.1353057635656,13.567275960942474,1.0066689034241496,0.9966068088031641,0.0018858783643440548,1.0,20.166862223398084
1645.1561393440938,13.566447129689752,1.0074376695321585,0.9973122685176431,0.0018810973373858814,1.0,20.187695803926317
1645.1769729245639,13.559672215620068,1.013743660499073,1.0034988577454476,0.0018673495569973193,1.0,20.208529384396343
1645.197806505034,13.560797037065962,1.0126939670798023,1.0024037588005563,0.0018656971205222278,1.0,20.229362964866368
1645.2186400853884,13.559454940364468,1.0139465490576185,1.0035874771588353,0.0018607541107899016,1.0,20.250196545220888
1645.2394736656838,13.559574428370226,1.0138349678244147,1.0034208611725948,0.0018595961198761006,1.0,20.27103012551629
1645.2603072459794,13.563442547011071,1.0102294359580979,0.9997963404054926,0.0018588006392743672,1.0,20.29186370581192
1645.2811408262164,13.565710393191743,1.0081215078099819,0.997654225336901,0.001856189156034622,1.0,20.312697286048888
1645.3019744063972,13.557836442109991,1.0154591581850316,1.0048592766949564,0.001837082125349285,1.0,20.333530866229694
1645.322807986518,13.558018433373377,1.0152889610352305,1.0046344061954118,0.0018350047661742101,1.0,20.354364446350473
1645.3436415665801,13.56385860008488,1.0098423911681096,0.9991887994759713,0.0018320103762228311,1.0,20.37519802641259
1645.3644751465854,13.560204671172773,1.0132466326710798,1.002500702634298,0.0018199715515256165,1.0,20.396031606417864
1645.3853087265902,13.556840156605928,1.0163913842132788,1.0055554529990711,0.0018063919121307239,1.0,20.416865186422683
1645.406142306478,13.559872036004545,1.0135571068887796,1.002694860405089,0.0018042124994786806,1.0,20.437698766310405
1645.426975886366,13.562193657790829,1.0113921406302648,1.0004966394795736,0.0018035785264791339,1.0,20.45853234619858
1645.4478094661965,13.561686218324432,1.0118649444625656,1.0009078231163562,0.001798925965856658,1.0,20.479365926029004
1645.4686430459674,13.562376439671562,1.0112218887800466,1.0002151979977154,0.0017985830256662715,1.0,20.500199505799856
1645.489476625681,13.560144524982263,1.0133027647340846,1.002216731926924,0.001793679362632102,1.0,20.52103308551341
1645.5103102053365,13.562703693872102,1.010917140037513,0.9998006092533205,0.0017974232499163773,1.0,20.541866665168982
1645.5311437849346,13.563315873446498,1.0103473069736828,0.9991804362908613,0.001800874454160994,1.0,20.56270024476703
1645.551977364531,13.56193134867405,1.0116365180654914,1.0003986804353804,0.0018024100837005222,1.0,20.583533824363485
1645.5728109440115,13.563526760143777,1.0101510824078146,0.9988730739229814,0.0018097153505399325,1.0,20.60436740384398
1645.5936445234925,13.562466364479942,1.0111381389994498,0.9997923397673196,0.001811156866498493,1.0,20.62520098332493
1645.614478102915,13.561464922273407,1.0120712050044403,1.0006580761832848,0.0018147645265391536,1.0,20.646034562747445
1645.6353116822788,13.561010623792232,1.0124947688634687,1.001019946722622,0.0018186707332663338,1.0,20.666868142111298
1645.6561452615856,13.560557572485248,1.0129173464604455,1.001380754526172,0.0018223606923540492,1.0,20.68770172141808
1645.6769788408335,13.559502131233852,1.0139024794400635,1.002297593973509,0.0018222278737335474,1.0,20.70853530066597
1645.697812420081,13.563038611852104,1.0106053496502894,0.9989812842428902,0.0018301217486731028,1.0,20.72936887991341
1645.7186459992126,13.557903642021138,1.0153963099045893,1.0036599122547492,0.001823499302654956,1.0,20.750202459045113
1645.7394795783443,13.560740774850618,1.0127464456487871,1.0009835663009161,0.001827746207460008,1.0,20.771036038176817
1645.760313157359,13.563982121932503,1.0097275101296719,0.9979427233718221,0.0018325252046673213,1.0,20.791869617191423
1645.7811467363736,13.559735357133153,1.0136847074613884,1.0017965088575267,0.0018274490427434963,1.0,20.81270319620603
1645.801980315331,13.560750529247777,1.012737347042116,1.0008030491383137,0.0018244108783037627,1.0,20.833536775163566
1645.82281389423,13.56246747251408,1.011137107095936,0.9991645204352542,0.0018250507739411292,1.0,20.85437035406244
1645.8436474730706,13.557896335489524,1.0154031431023487,1.0033226243653877,0.001813476540450741,1.0,20.875203932903105
1645.8644810518526,13.559003790158064,1.0143679564356864,1.0022423635636217,0.0018123881482076157,1.0,20.89603751168511
1645.885314630635,13.560813019303588,1.012679060147134,1.000516330417077,0.0018103839503047748,1.0,20.916871090467566
1645.9061482261804,13.560230597358693,1.0132224377452574,1.0009957983473399,0.001804831512021014,1.0,20.93770468601292
1645.926981804846,13.560110065844485,1.013334925486891,1.001049511822912,0.0017994323804405717,1.0,20.95853826467851
1645.9478153834539,13.56127191340223,1.012251134607473,0.9999214744114691,0.0017953911865487887,1.0,20.979371843286344
1645.9686489619455,13.560674807326947,1.012807980305601,1.0004140960016457,0.0017890135042543502,1.0,21.00020542177799
1645.9894825404365,13.56128778946491,1.0122363331806663,0.9997920113877705,0.0017825389014376129,1.0,21.021039000268956
1646.010316118869,13.56051509495693,1.0129569758536185,1.0004462929435225,0.0017750965277492003,1.0,21.041872578701486
1646.0311496972445,13.556789589538937,1.0164387227176641,1.0038273153147572,0.0017644998409708265,1.0,21.062706157076946
1646.0519832755604,13.559526894656791,1.0138793546612448,1.00124210141737,0.0017613447228042632,1.0,21.083539735392833
1646.0728168538765,13.559043495316448,1.0143308618783111,1.0016303299928335,0.001756945195569729,1.0,21.104373313708948
1646.0936504320775,13.561747039279936,1.0118082632274978,0.999081788528703,0.001756770939189271,1.0,21.12520689191001
1646.1144840102195,13.563589857066553,1.0100923797758463,0.9973300369032214,0.0017558146479219885,1.0,21.146040470051958
1646.1353175883614,13.562493731599467,1.0111126525236007,0.9982798851361447,0.0017528806473118344,1.0,21.166874048193904
1646.1561511663865,13.562322020158057,1.0112725747405331,0.9983802182430886,0.001748851335840408,1.0,21.18770762621898
1646.1769847444125,13.564182550720226,1.0095411298824806,0.9966133643128092,0.001748734227034141,1.0,21.208541204244966
1646.1978183223796,13.564618609634563,1.0091357542328543,0.9961557043573736,0.001746981564615516,1.0,21.229374782212062
1646.2186519002885,13.55714194242315,1.0161089123953648,1.0029812769304947,0.0017338439136633174,1.0,21.25020836012095
1646.2394854781396,13.563069535929445,1.0105765658694792,0.9974628101420743,0.001740501657568039,1.0,21.271041937972086
1646.2603190559325,13.562323634847072,1.0112710707937205,0.9980906523695657,0.001735878479016272,1.0,21.291875515765014
1646.281152633667,13.563500219239298,1.0101757759300185,0.9969520283282749,0.001733865736781951,1.0,21.312709093499507
1646.3019862113429,13.562231585163005,1.0113568108918083,0.9980599173172795,0.0017295143249045721,1.0,21.333542671175337
1646.3436533665208,13.562063807527053,1.011513106836656,0.9980987242285926,0.0017176072060006596,1.0,21.375209826353284
1646.3644869440805,13.560271696401948,1.0131840843363307,0.9996897085743096,0.0017114431640448493,1.0,21.396043403912927
1646.3853205215246,13.559147472056894,1.0142337280014269,1.0006674702657634,0.0017030563120370569,1.0,21.416876981357063
1646.40615409891,13.56060580717238,1.0128723478080779,0.9992664610093807,0.001701735730575491,1.0,21.437710558742538
1646.426987676295,13.5650699433595,1.0087163500122547,0.9951086780745858,0.0017053077275267687,1.0,21.458544136127557
1646.4478212536214,13.562759484546216,1.0108651952838605,0.9971707901543586,0.0016985658435351822,1.0,21.479377713453914
1646.4686548308325,13.560792947115978,1.012697781888095,0.998920694405027,0.0016963369065983675,1.0,21.500211290664993
1646.489488408043,13.560225100501045,1.0132275674936977,0.9993853734114324,0.0016963004682280197,1.0,21.52104486787539
1646.5103219851944,13.559021543763585,1.014351369956173,1.0004358534804392,0.0016955676976162268,1.0,21.541878445026896
1646.531155562231,13.561339307885401,1.0121883034846828,0.9982446087730222,0.0017002873328974997,1.0,21.56271202206358
1646.5519891392673,13.560252846044024,1.0132016752100117,0.999186102512282,0.0017027926793757512,1.0,21.583545599099807
1646.5728227162444,13.560299606828854,1.0131580393018744,0.9990851485910038,0.0017035902939503628,1.0,21.604379176076918
1646.5936562931645,13.563658933773539,1.0100281177244275,0.9959409564122339,0.0017107117443134953,1.0,21.62521275299696
1646.6144898700259,13.55574796355684,1.0174143344806197,1.003165982298038,0.001701864183155151,1.0,21.646046329858336
1646.635323446829,13.560774260986037,1.0127152111357343,0.9984747594394763,0.0017107720152369282,1.0,21.666879906661507
1646.656157023573,13.563536472363024,1.0101420463594062,0.9958800145045147,0.0017160222836214319,1.0,21.68771348340556
1646.6769906002605,13.562643257521426,1.0109734132307324,0.9966418289706733,0.0017160253735920327,1.0,21.708547060092997
1646.6978241768895,13.560242757913887,1.01321108942849,0.9987898435149327,0.0017126264757017944,1.0,21.729380636722
1646.7186577534594,13.564216634224058,1.0095094387969807,0.9950831486500366,0.001717332431177393,1.0,21.750214213291883
1646.7394913299709,13.561525140118524,1.0120150743745928,0.9974951036563998,0.0017126999742677852,1.0,21.771047789803333
1646.7603249064255,13.560874091763955,1.012622098739665,0.998035510693716,0.0017113824127885783,1.0,21.79188136625794
1646.7811584828796,13.558241917436376,1.0150799990880237,1.0003999614406787,0.0017050964389211417,1.0,21.81271494271209
1646.8019920592164,13.561275223889991,1.0122480481856795,0.9975510800848161,0.0017074898370670174,1.0,21.833548519048918
1646.822825635496,13.560355574784275,1.0131058139802513,0.9983384649158054,0.0017054777834270365,1.0,21.854382095328447
1646.8436592117175,13.562903129356094,1.010731464886824,0.9959409401455014,0.0017066063024151101,1.0,21.875215671549995
1646.8644927878804,13.562905602500837,1.0107291625942878,0.9958808870465263,0.0017057940010793491,1.0,21.89604924771288
1646.8853263639844,13.56172135869311,1.0118321955023344,0.9969098784890092,0.0017043757060993888,1.0,21.916882823816877
1646.9061599400889,13.560732214838923,1.012754430236162,0.997760625424251,0.0016998729038529968,1.0,21.937716399921328
1646.9269935160773,13.559432740473834,1.0139672812875318,0.9988975721713997,0.0016975088520757055,1.0,21.95854997590982
1646.9478270920065,13.562385898410795,1.0112130792345537,0.9961265199050455,0.0016990912942038124,1.0,21.979383551838964
1646.9686606678788,13.56227786272203,1.0113137045397569,0.9961678641393182,0.0016964387687641753,1.0,22.000217127711267
1646.9894942436936,13.560640104335285,1.012840352836287,0.9976137920724584,0.0016911338822619844,1.0,22.021050703526043
1647.0103278194485,13.557742889089859,1.0155466595169391,1.0002214093527377,0.0016843520598172838,1.0,22.04188427928102
1647.0311613951449,13.561548507594885,1.011993293776557,0.9966638809073297,0.0016899548392396004,1.0,22.062717854977336
1647.0519949707846,13.560406076725714,1.0130586914652544,0.9976553026572986,0.001682297838214409,1.0,22.083551430617035
1647.072828546365,13.561087791493376,1.0124228092872096,0.9969713007972831,0.0016807868299817546,1.0,22.10438500619739
1647.093662121887,13.558309476115248,1.0150168388748397,0.9994678188088648,0.0016753736113470944,1.0,22.125218581719537
1647.1144956973526,13.557699710963462,1.015587047111789,0.9999713522875472,0.001672107908454868,1.0,22.146052157185068
1647.1353292727586,13.561607768715911,1.0119380591623401,0.9963207532453988,0.0016768111637280373,1.0,22.166885732591027
1647.1561628481065,13.557352639431453,1.015911746329435,1.0001751872762936,0.0016690104714169396,1.0,22.187719307939005
1647.1769964233954,13.552826098437578,1.0201560235474598,1.0042955672545482,0.001662293807488636,1.0,22.208552883227867
1647.1978299986272,13.558927682266324,1.014439064051117,0.9986096803813848,0.001668379148790815,1.0,22.229386458459658
1647.218663573742,13.556266586376758,1.0169284629707582,1.001002301854632,0.0016636829962063952,1.0,22.25022003357458
1647.239497148857,13.557005896648969,1.016236241652836,1.0002630449883159,0.001661475251879344,1.0,22.2710536086895
1647.2603307239146,13.559769486465756,1.0136528435163223,0.9976625455905658,0.0016631952651083531,1.0,22.29188718374712
1647.281164298855,13.55755593928053,1.0157215386449165,0.9996408009358702,0.0016576979102142701,1.0,22.31272075868742
1647.301997873795,13.557217510158473,1.0160381932124367,0.9998946416273157,0.001654124631500388,1.0,22.33355433362749
1647.3228314486191,13.560251573451644,1.013202862785301,0.9970467438275713,0.001655099902709812,1.0,22.3543879084516
1647.3436650233855,13.55709162175395,1.016156007136369,0.9998950366237445,0.0016475507556033269,1.0,22.375221483217956
1647.364498598151,13.556171110125037,1.0170178924165274,1.0006853423694881,0.0016434509690135563,1.0,22.396055057983403
1647.3853321728006,13.557163457101117,1.0160887776339589,0.9997134403622623,0.00164480714240342,1.0,22.416888632633118
1647.4061657473915,13.555560331534103,1.0175901746201002,1.001132869638316,0.001637608217331461,1.0,22.437722207223942
1647.4269993219245,13.555610753754866,1.0175429182379219,1.001028635930148,0.0016350461983679627,1.0,22.458555781757013
1647.447832896399,13.55605701324489,1.0171247735036293,1.0005595892119263,0.0016337855464270928,1.0,22.479389356231422
1647.4686664707574,13.559108457608275,1.0142701737609472,0.9976939815616219,0.0016378478333079808,1.0,22.50022293058987
1647.4895000451165,13.556190626089942,1.0169996118185085,1.0003211858203094,0.0016312834464245443,1.0,22.521056504949
1647.510333619416,13.55656615587818,1.0166479171734588,0.9999176848480923,0.0016315930815166703,1.0,22.54189007924856
1647.5311671935995,13.554190691585603,1.0188746593818019,1.0020501113034204,0.001628258512339816,1.0,22.56272365343193
1647.5520007677255,13.55705005631419,1.0161949095692164,0.9993571248243673,0.0016308483080597208,1.0,22.583557227558003
1647.5728343417936,13.554812832893125,1.0182909978692694,1.0013609051302603,0.001628597963594315,1.0,22.604390801626096
1647.5936679158604,13.55673192813801,1.016492705293536,0.9995350724630351,0.00163048673275351,1.0,22.625224375692824
1647.6145014897534,13.55530222101473,1.0178321136376949,1.0007946556157856,0.0016294001497421384,1.0,22.64605794958584
1647.6353350636455,13.555626898257305,1.017527787857342,1.000437993308721,0.0016279180545739746,1.0,22.666891523477943
1647.6561686374794,13.55609554077869,1.0170886812985043,0.9999488954326659,0.0016304085732068148,1.0,22.68772509731184
1647.6770022111975,13.55272644726982,1.0202496599243378,1.002999094959501,0.0016249774015238577,1.0,22.708558671030005
1647.6978357849162,13.556996449343488,1.0162450842574589,0.9990049818943718,0.0016295323495533344,1.0,22.729392244748624
1647.7186693585186,13.553429929182016,1.019588822872041,1.002234597545721,0.0016235548167532717,1.0,22.750225818351055
1647.7395029320614,13.557032963141776,1.0162109080515829,0.9988570072972932,0.0016269586403367545,1.0,22.771059391893914
1647.7603365055465,13.552860424077183,1.0201237717405125,1.0026457031785254,0.0016194760406047486,1.0,22.79189296537902
1647.7811700789161,13.552872523088848,1.0201124039509983,1.0025772232737684,0.0016183110963428973,1.0,22.81272653874862
1647.8020036522844,13.55237843636843,1.0205767328465318,1.002976279076182,0.0016162977558862313,1.0,22.833560112116857
1647.822837225536,13.551758569053852,1.0211595657467152,1.003491781089113,0.0016139005055416495,1.0,22.85439368536845
1647.8436707987305,13.554241364888423,1.0188271077397786,1.0011425679234742,0.001615505962838276,1.0,22.875227258562973
1647.8645043718675,13.553839081749876,1.0192046698985204,1.0014564933438406,0.0016136502403249187,1.0,22.89606083169997
1647.8853379449445,13.556849486151213,1.016382650573685,0.9986267348588748,0.0016163021525383385,1.0,22.91689440477694
1647.906171517906,13.556549132303267,1.0166638576179097,0.9988461796073539,0.0016155342944894136,1.0,22.937727977738405
1647.927005090868,13.555950685355814,1.017224387042704,0.9993400478716847,0.0016146195629005368,1.0,22.95856155070055
1647.9478386637134,13.555403020423832,1.0177376228094555,0.9997874443485699,0.0016119368219138076,1.0,22.979395123545828
1647.968672236499,13.56053628018387,1.0129372109107566,0.9950151984623768,0.0016160622017023058,1.0,23.000228696331533
1647.9895058091688,13.559060640995307,1.014314843941523,0.996311927016163,0.0016136781244359942,1.0,23.021062269001277
1648.0103393818404,13.558096784148578,1.0152156966395083,0.9971402621227282,0.0016104598258700332,1.0,23.04189584167284
1648.0311729543935,13.556872809524396,1.0163608172617458,0.9982084537682504,0.0016079813820065764,1.0,23.06272941422594
1648.0520065268895,13.551228336499987,1.0216583833010773,1.003354621877047,0.001597820753420896,1.0,23.083562986721972
1648.072840099327,13.556257456150203,1.016937014611806,0.9986613695992158,0.0016029962826532667,1.0,23.104396559159568
1648.0936736716485,13.551951943701129,1.0209777086932432,1.002572810290787,0.0015970184887304686,1.0,23.125230131480976
1648.114507243911,13.552598030169849,1.0203703386402643,1.001919837576151,0.001597364703492847,1.0,23.146063703743494
1648.1353408161149,13.553325962956908,1.0196864597344732,1.001191868208771,0.0015969203442500303,1.0,23.16689727594735
1648.1561743882626,13.55459615950538,1.0184942319294628,0.9999649301987631,0.0015968797114034056,1.0,23.187730848095043
1648.1770079602925,13.552545634235916,1.0204195813077397,1.0017988693529458,0.001594042102059035,1.0,23.208564420124958
1648.1978415323215,13.55451988170051,1.0185657881997516,0.9999226817424604,0.0015955902456069886,1.0,23.229397992153963
1648.2186751041781,13.55228256326661,1.020666856190244,1.0019290136103058,0.0015921996420027963,1.0,23.25023156401062
1648.2395086760334,13.552332650203727,1.0206197721036472,1.0018265749137518,0.0015914223595501467,1.0,23.27106513586591
1648.260342247772,13.555102614435029,1.0180192536286394,0.9992179296630969,0.0015930705960210117,1.0,23.29189870760456
1648.2811758194525,13.55621888542076,1.0169731418948453,0.9981352442784321,0.0015935398379957639,1.0,23.312732279285
1648.3020093910754,13.55540456967569,1.0177361705867407,0.9988282679657218,0.001593731380824739,1.0,23.333565850907917
1648.3228429625815,13.556811422243307,1.0164182836985667,0.997479127542376,0.0015919116617630613,1.0,23.354399422413962
1648.3436765340293,13.555783295286092,1.0173812266015925,0.9983684026892756,0.0015900276475785393,1.0,23.3752329938618
1648.3645101053617,13.557090353059401,1.016157194526395,0.9971116518856955,0.0015910105722282562,1.0,23.396066565194133
1648.3853436766935,13.556326757320164,1.0168721068787248,0.99775759866389,0.0015875831119540051,1.0,23.41690013652601
1648.4061772479076,13.556177232066336,1.0170121579607205,0.9978395115166185,0.0015873939478665776,1.0,23.437733707740108
1648.427010819006,13.556688858700419,1.0165330287508256,0.9973140025555345,0.0015871199464091254,1.0,23.458567278838473
1648.4478443900475,13.556953587353732,1.016285203713727,0.9970155346310123,0.0015869221578874917,1.0,23.479400849879994
1648.4686779610295,13.553986462638248,1.0190663295775173,0.9996885145302783,0.0015821079432925143,1.0,23.500234420861943
1648.4895115319537,13.553246742607008,1.0197608635029807,1.0003144629935774,0.001579884566247538,1.0,23.52106799178614
1648.5103451027617,13.556972860851634,1.0162671632387013,0.9968322719615376,0.0015854657301139353,1.0,23.54190156259415
1648.5311786735115,13.55410901862098,1.018951305664363,0.9994098937018224,0.0015810045909832068,1.0,23.56273513334395
1648.5520122441435,13.55301901769074,1.0199747730250648,1.0003585621028999,0.0015791051378848914,1.0,23.58356870397597
1648.5728458147182,13.55671461678015,1.0165089127380256,0.9969044469510155,0.0015848365923335685,1.0,23.604402274550694
1648.593679385177,13.55792743657448,1.0153740571356338,0.9957367060564856,0.0015842955948835158,1.0,23.625235845009456
1648.614512955577,13.55518070109655,1.0179460398350992,0.9982041127735668,0.00158234032933235,1.0,23.646069415409556
1648.6353465259185,13.55546755719108,1.0176771297138412,0.9978856747455216,0.0015802301155665676,1.0,23.666902985750994
1648.6561800961445,13.558615114281597,1.0147311486462922,0.9949424797327784,0.0015848577425424536,1.0,23.687736555976926
1648.6770136663122,13.556030745501534,1.0171493815949813,0.9972589976494792,0.0015804804866325183,1.0,23.70857012614465
1648.697847236363,13.553667332182803,1.0193659077811206,0.9993775822056686,0.0015774748833252944,1.0,23.729403696195504
1648.7186808063557,13.558149440597056,1.015166461515445,0.9952061904838166,0.0015826459535554257,1.0,23.75023726618815
1648.7395143762324,13.555401369077604,1.0177391707346843,0.9976739668398358,0.0015785516952093602,1.0,23.771070836064837
1648.7603479460504,13.555927495634133,1.0172461136851754,0.9971363953673026,0.0015788611751959333,1.0,23.79190440588286
1648.7811815158107,13.552795129828903,1.0201851220182572,0.999962994161801,0.0015742858730120523,1.0,23.81273797564313
1648.8020150854536,13.553327834235997,1.01968470229441,0.9994182953831504,0.0015759518213686134,1.0,23.833571545286077
1648.822848654981,13.554231314955583,1.0188365383835676,0.9985329202834067,0.0015771863824619284,1.0,23.854405114813517
1648.84368222445,13.553184844418276,1.0198190020723985,0.9994417760793578,0.0015739110097404763,1.0,23.87523868428252
1648.8645157938022,13.55261459126094,1.0203547747149064,0.9999128687828099,0.0015732518652507676,1.0,23.896072253634657
1648.8853493630963,13.553763437732687,1.0192756810898063,0.9988015660574929,0.0015744535609476997,1.0,23.91690582292881
1648.906182932332,13.555827449551657,1.01733985300896,0.9968509881018596,0.001577395879200938,1.0,23.93773939216453
1648.9270165014514,13.552055046591068,1.020880759955658,1.0002668498984728,0.001572780285604056,1.0,23.958572961283835
1648.9478500704554,13.556530601903567,1.0166812092990325,0.9960986797031371,0.0015767529711067606,1.0,23.97940653028786
1648.9686836394005,13.554669503998259,1.0184254321422384,0.9977541722390957,0.0015753913911875504,1.0,24.000240099232997
1648.989517208229,13.553437630225584,1.0195815910324226,0.9988334811860683,0.00157616289066329,1.0,24.02107366806149
1649.0103507769404,13.555573798568526,1.0175775529198552,0.9968170384574758,0.0015767337484864047,1.0,24.041907236772886
1649.0311843455952,13.554521746320974,1.018564038937847,0.9977302560083103,0.0015742511942402216,1.0,24.062740805427666
1649.0520179141904,13.557121687738496,1.0161278683420087,0.9952909944720079,0.0015777204687227142,1.0,24.083574374022874
1649.0728514826114,13.556955806785957,1.01628312625346,0.995390240968909,0.0015766653735575138,1.0,24.104407942443913
1649.0936850510334,13.555460556058822,1.0176836920032082,0.9967092074786231,0.0015752055067839812,1.0,24.125241510865862
1649.1145186192794,13.552737263653233,1.02023949598536,0.9991594982843879,0.0015714529729115446,1.0,24.146075079111824
1649.1353521874676,13.556505784014673,1.0167044489861323,0.9956449364002955,0.0015771743587619336,1.0,24.166908647300033
1649.1561857555394,13.55329305719562,1.019717364172909,0.9985428354495482,0.001572008793132058,1.0,24.187742215371827
1649.1770193235534,13.555052853341186,1.0180659122113362,0.9968732536749493,0.0015745951550201875,1.0,24.208575783385868
1649.1978528914506,13.554395222999977,1.0186827414490658,0.9974248927008718,0.0015734255600302022,1.0,24.22940935128304
1649.2186864592304,13.557442766478854,1.0158274189158583,0.9945770533875048,0.001576771264800816,1.0,24.250242919062885
1649.2395200269539,13.55283952669683,1.0201434064542936,0.9987505386045509,0.0015715070779463178,1.0,24.27107648678634
1649.2603535945605,13.550115205951432,1.0227063563882952,1.0012075015450788,0.0015682742128209036,1.0,24.29191005439293
1649.2811871620506,13.553337791683198,1.0196753506581822,0.9981882345206687,0.0015725573941484821,1.0,24.3127436218831
1649.3020207294235,13.551583802403298,1.0213239509816818,0.999750138663278,0.0015701016045003345,1.0,24.333577189255948
1649.3228542967386,13.55163712180211,1.021273796034565,0.9996492007789611,0.0015710132119343301,1.0,24.354410756571042
1649.3436878639375,13.55311409363156,1.0198854596035425,0.9982385992889069,0.0015725838224433797,1.0,24.375244323769948
1649.3645214310775,13.551466669390672,1.0214341409192045,0.9997027817919314,0.0015700137897485104,1.0,24.396077890909964
1649.385354998044,13.553247684969945,1.0197599784036175,0.9980128029293568,0.0015716157649489967,1.0,24.416911457876495
1649.4061885649526,13.552885773953186,1.020099954068117,0.9982941959660929,0.0015708785017192854,1.0,24.437745024785045
1649.4270221317424,13.550331185931178,1.022502934849109,1.0005944654252765,0.00157071506284185,1.0,24.458578591574906
1649.4686892649765,13.549557929545749,1.0232314161671412,1.0012049283760065,0.0015701590828501892,1.0,24.50024572480902
1649.4895228314765,13.555291086251883,1.0178425520639611,0.99588130626976,0.0015754233882463468,1.0,24.52107929130898
1649.5103563978605,13.554679188606091,1.0184163479771495,0.9963920487434275,0.0015733838827780124,1.0,24.541912857692978
1649.5311899641274,13.5507569368271,1.0221020582859721,0.999947318943134,0.0015687614007320822,1.0,24.56274642395988
1649.5520235302788,13.549473880102887,1.0233106300304797,1.001079018149031,0.0015667529692929341,1.0,24.583579990111275
1649.5728570963136,13.550810008658871,1.0220520981736487,0.9997973357659704,0.0015687727463704053,1.0,24.604413556146028
1649.5936906622314,13.55262752238183,1.0203426223593801,0.9980747989194285,0.00157064387853752,1.0,24.62524712206391
1649.6145242280925,13.551179107930544,1.0217047075561572,0.999356930280199,0.0015688613049483896,1.0,24.64608068792495
1649.6353577937766,13.549786823128457,1.0230157225046785,1.0005891046858202,0.0015667476372300286,1.0,24.666914253609093
1649.6561913594035,13.552179016352433,1.0207642020674006,0.9983370080095842,0.0015698583473412052,1.0,24.687747819235938
1649.6770249249143,13.550542016268615,1.0223044025455488,0.9997934866870016,0.001567495590962376,1.0,24.70858138474682
1649.6978584902504,13.553631807603265,1.019399261313536,0.9969027041357204,0.0015752581824452494,1.0,24.729414950082855
1649.7186920555287,13.54785377247244,1.0248387276348598,1.0021723846528805,0.0015658500997410894,1.0,24.750248515361136
1649.7395256206896,13.551786754358996,1.0211330571710062,0.9984992343048206,0.0015692843760718577,1.0,24.771082080522092
1649.7603591857355,13.55216216559209,1.0207800445771558,0.9981047565561464,0.001570070669142946,1.0,24.791915645567997
1649.781192750664,13.551223153062969,1.0216632608344063,0.9989191530733119,0.0015693682232863213,1.0,24.812749210496577
1649.8020263154754,13.55152881589126,1.021375676680406,0.9985889140843823,0.0015687429887062006,1.0,24.833582775307832
1649.8228598801716,13.553295121061804,1.0197154258031884,0.9969168601068303,0.0015706793733130887,1.0,24.854416340004036
1649.8436934446936,13.550665426270763,1.022188209110983,0.9992855331300288,0.0015681357326582292,1.0,24.875249904526072
1649.8645270091565,13.552442034214652,1.0205169535180985,0.997603114387726,0.0015702790509227623,1.0,24.89608346898899
1649.8853605735026,13.555509303464218,1.0176380010465866,0.9947404676998322,0.0015746348751536543,1.0,24.91691703333504
1649.9061941377327,13.55221260679425,1.0207326222140323,0.9977171118792483,0.0015693994162421392,1.0,24.937750597565127
1649.9270277017886,13.5504992273318,1.0223446924246822,0.9992445509999334,0.0015677966092652283,1.0,24.958584161621047
1649.9478612657854,13.553695651262048,1.0193393201741805,0.9962590855307355,0.001571945165227554,1.0,24.97941772561785
1649.9686948296076,13.551231363055095,1.0216555353707268,0.9984748872325029,0.0015695092051245603,1.0,25.00025128944003
1649.9895283933151,13.55437391345649,1.0187027351428493,0.9955413946282593,0.0015724571203579545,1.0,25.021084853147613
1650.0103619569045,13.553758909729666,1.0192799319317396,0.9960578937490222,0.0015712019617962572,1.0,25.041918416736962
1650.0311955203779,13.553697096113952,1.0193379636813507,0.9960671726171085,0.0015715509203490972,1.0,25.06275198021035
1650.0520290837355,13.55491012642883,1.0181997522312836,0.9949077123577714,0.0015756495768875637,1.0,25.083585543568006
1650.072862646917,13.555135020044835,1.0179888695977357,0.9946545763286087,0.0015739411984345211,1.0,25.104419106749447
1650.093696210041,13.554617288331833,1.0184744118494216,0.9950820356790471,0.0015720407037123842,1.0,25.125252669873362
1650.1145297729915,13.554278779074075,1.0187919998290191,0.9953455083871998,0.0015744827504669775,1.0,25.14608623282402
1650.1353633358244,13.551032986673384,1.0218422205378743,0.9982787208573392,0.0015684393223761369,1.0,25.166919795656895
1650.1561968984824,13.55187691146781,1.0210482680836377,0.9974564505233815,0.0015688754807789116,1.0,25.18775335831492
1650.1770304610825,13.554468373690678,1.0186141107489046,0.9950321750720397,0.001572379074435681,1.0,25.208586920914968
1650.1978640235088,13.55324781435233,1.019759856883334,0.9961051326957675,0.0015713909975231671,1.0,25.2294204833413
1650.21869758576,13.553787274770375,1.0192533034201603,0.9955642473259668,0.0015711270302510483,1.0,25.250254045592555
1650.2395311479527,13.54967182176404,1.023124086243746,0.999298961927761,0.0015669952423740918,1.0,25.271087607785148
1650.2603647099709,13.552011862315837,1.0209213654657945,0.9971016849706614,0.0015700581240259987,1.0,25.291921169803345
1650.2811982718154,13.552381100602194,1.0205742285074095,0.996716969215125,0.0015701765661474978,1.0,25.31275473164783
1650.3020318336,13.54792818351893,1.0247684926102616,1.0007674791649679,0.0015648813382757726,1.0,25.333588293432513
1650.3228653952106,13.54857679638413,1.0241564843459452,1.0001242866935742,0.0015671500411989093,1.0,25.35442185504303
1650.3436989566476,13.549722111952477,1.0230766972819918,0.9990245248917416,0.0015663909367837011,1.0,25.37525541648006
1650.364532517966,13.551976816584862,1.0209543196150757,0.9969069884542454,0.0015701319451643357,1.0,25.3960889777984
1650.3853660791697,13.553505006697016,1.0195183218163926,0.9954599854632238,0.0015713083998599776,1.0,25.416922539002144
1650.4061996401983,13.552282207806666,1.020667190347144,0.9965370238500832,0.0015691734766367523,1.0,25.43775610003081
1650.4270332010528,13.551843751616415,1.0210794527542082,0.996894970313765,0.0015688657742860008,1.0,25.45858966088531
1650.447866761791,13.552759891416652,1.0202182334565029,0.9960097816243118,0.001569212861457258,1.0,25.479423221623392
1650.4687003224117,13.552967830426011,1.020022861086633,0.9957748534962134,0.0015694078898325502,1.0,25.50025678224415
1650.4895338828585,13.549340640267772,1.02343621680324,0.9990628946960346,0.0015655174174904144,1.0,25.521090342690968
1650.5103674431305,13.550453179398211,1.0223880527350544,0.9979957349705417,0.001566343882913172,1.0,25.541923902962935
1650.5312010032853,13.548441389627051,1.0242842192004886,0.9998027931568249,0.0015645149068900964,1.0,25.562757463117805
1650.5520345632672,13.548911071000287,1.0238412173238043,0.9993267025125749,0.0015683051652768084,1.0,25.583591023099643
1650.5728681231315,13.547170314971318,1.0254840540191263,1.0008866273980621,0.0015629032842940128,1.0,25.60442458296393
1650.5937016828211,13.549605149568835,1.0231869155230493,0.9986012864760081,0.0015656930289288488,1.0,25.625258142653593
1650.614535242336,13.54973740800628,1.023062284088525,0.9984365237898296,0.0015655706220842394,1.0,25.646091702168405
1650.6353688017355,13.546739228210335,1.0258912987719957,1.001154377793708,0.0015621261064847044,1.0,25.66692526156794
1650.6562023609595,13.54895144697856,1.023803143782617,0.9990737698760799,0.0015664928152744318,1.0,25.68775882079194
1650.6770359200095,13.547610391571778,1.025068483379861,1.000265872879884,0.0015635560339780365,1.0,25.708592379842003
1650.6978694788845,13.548299835772983,1.024417769901254,0.9995884330086287,0.0015657866247823767,1.0,25.729425938716986
1650.7187030376435,13.547809609284467,1.0248804146170931,0.9999975562691881,0.0015634608787344257,1.0,25.75025949747601
1650.739536596169,13.552400626535865,1.0205558746149848,0.9957360640110751,0.001570081240231079,1.0,25.77109305600152
1650.7603701545775,13.550044619297317,1.0227728474624522,0.9978572622214518,0.0015659449213446793,1.0,25.79192661440993
1650.7812037128128,13.547959618305855,1.0247388234210557,0.9997335933928966,0.0015633353061321148,1.0,25.812760172645312
1650.802037270873,13.550615681026017,1.02223504384608,0.9972494437534583,0.0015667662631837945,1.0,25.83359373070539
1650.8228708288161,13.547167789600845,1.0254864392487522,1.0003799552723622,0.001563447336257989,1.0,25.854427288648594
1650.8437043865274,13.54540112789254,1.0271564235094184,1.001967763862959,0.0015606708768500731,1.0,25.87526084635988
1650.8645379440645,13.545762831464376,1.0268142922743084,1.001592933760928,0.001561744718839407,1.0,25.896094403896996
1650.885371501483,13.548406080703556,1.0243175302027931,0.9991166994531369,0.0015645381338008641,1.0,25.916927961315423
1650.90620505867,13.545351250253269,1.0272036111357834,1.0018910540344594,0.0015603262898641688,1.0,25.937761518502384
1650.9270386156836,13.546132108895181,1.0264651145765142,1.001130253732936,0.001562293841098318,1.0,25.958595075516087
1650.9478721725204,13.548701400965804,1.0240389537089694,0.9987237661969551,0.0015638747412146468,1.0,25.979428632352892
1650.968705729242,13.54476105291315,1.0277621424284709,1.002314751876802,0.0015617821126520843,1.0,26.00026218907442
1650.9895392857306,13.548335790262463,1.0243838465523618,0.998980264167666,0.0015639523879324101,1.0,26.021095745563116
1651.010372842045,13.54525801968802,1.0272918193807195,1.001776372036023,0.0015598720315619088,1.0,26.041929301877417
1651.031206398126,13.547094865828601,1.0255553186419712,1.0000435132904073,0.001562211031107324,1.0,26.062762857958433
1651.0520399540897,13.54877072843727,1.0239735678772262,0.998461885758024,0.0015650213798601485,1.0,26.083596413922123
1651.0728735098219,13.547161371221742,1.0254925014765373,0.9999038916258246,0.0015644198329409181,1.0,26.104429969654348
1651.093707065379,13.54495559276189,1.0275780067429774,1.0018983939735575,0.0015609581474330507,1.0,26.125263525211494
1651.1145406207606,13.546225574533626,1.0263767550951712,1.0006884521683108,0.0015608699670414516,1.0,26.14609708059311
1651.1353741759694,13.548408876028319,1.0243148930092845,0.9986397608655895,0.001564886623299176,1.0,26.16693063580192
1651.156207730945,13.544526278394603,1.0279844049365827,1.002178928445111,0.0015593142320306287,1.0,26.187764190777443
1651.1770412856865,13.545676143215122,1.026896279304421,1.0010800022782547,0.0015639087495973266,1.0,26.208597745519
1651.1978748403126,13.547551665954952,1.0251239290827283,0.9993143643856378,0.0015635432198431972,1.0,26.229431300145052
1651.218708394706,13.544878085970854,1.0276513644483931,1.001740435004469,0.0015586450281189945,1.0,26.2502648545385
1651.2395419488655,13.546290115160428,1.0263157448516333,1.000401023389199,0.001561613753995923,1.0,26.27109840869798
1651.2603755028508,13.548366224336663,1.024355132637402,0.9984527283481645,0.0015636625434627546,1.0,26.291931962683293
1651.2812090566626,13.54733754444496,1.0253261169883545,0.9993621490795425,0.0015625029678681128,1.0,26.31276551649512
1651.3020426102405,13.547802345582063,1.0248872712100674,0.9988976314746572,0.0015618572439749844,1.0,26.333599070072978
1651.3228761635855,13.546830707176577,1.025804865694038,0.9997553564808903,0.0015620200111348,1.0,26.354432623418006
1651.3437097167566,13.545427497542965,1.0271314769093296,1.0010118467722091,0.001561448398430878,1.0,26.375266176589093
1651.3645432696935,13.544205898018614,1.0282877885995907,1.0021024974319828,0.001559428535242907,1.0,26.396099729525986
1651.3853768223985,13.54638992509356,1.0262214016795506,1.0000527674035378,0.001561916830324074,1.0,26.416933282230957
1651.4062103749288,13.545453714890224,1.0271066749939366,1.0008796877466575,0.0015618356762446403,1.0,26.437766834761305
1651.4270439271686,13.545162775920229,1.0273819401989532,1.0011123597857554,0.0015594560127121133,1.0,26.45860038700107
1651.4478774792335,13.542173552697808,1.0302144011843908,1.0038369546721695,0.0015566232819734798,1.0,26.479433939065984
1651.4687110311236,13.547227796126226,1.0254297641767403,0.9991397703200247,0.0015633253531663553,1.0,26.50026749095605
1651.4895445827215,13.543592656990306,1.02886874590282,1.0024556345946414,0.0015579369293301645,1.0,26.521101042553937
1651.5103781340886,13.543575996575967,1.0288845338180148,1.0024362963845572,0.001558742660946387,1.0,26.54193459392104
1651.53121168528,13.5463428961971,1.0262658536422746,0.9998505258051489,0.0015625242501800982,1.0,26.562768145112386
1651.5520452361807,13.544015508828803,1.0284681197372596,1.0019618543133422,0.0015584955431794591,1.0,26.583601696013147
1651.5728787869075,13.542783236708322,1.0296360572689602,1.0030656278154726,0.0015571788183004326,1.0,26.604435246739968
1651.5937123373415,13.54196711921844,1.030410296800163,1.0037860327843982,0.0015567651107255378,1.0,26.62526879717393
1651.6145458875435,13.547269202682287,1.0253906582638983,0.9988626363252876,0.0015645491672476957,1.0,26.646102347375972
1651.6353794375714,13.542803097511179,1.0296172228489373,1.0029464892528255,0.0015580267112434048,1.0,26.666935897403846
1651.6562129873075,13.543243581149614,1.0291995914275982,1.0025065579979286,0.0015583317872350088,1.0,26.68776944714
1651.6770465367526,13.54322392403752,1.0292182251203768,1.002491827568202,0.0015574735565380875,1.0,26.708602996585114
1651.6978800860234,13.543058458457544,1.0293750893451112,1.0026119684320463,0.0015574811544642098,1.0,26.729436545855833
1651.718713635003,13.54481490993905,1.0277111624213089,1.0009589467692168,0.001559929260335757,1.0,26.750270094835514
1651.7395471837503,13.542422856139845,1.0299778736462708,1.0031344609208448,0.0015564783127028348,1.0,26.77110364358282
1651.7603807322644,13.539711400439598,1.0325532961873642,1.0056107308717905,0.001554082849942833,1.0,26.79193719209684
1651.7812142804864,13.54164912470543,1.0307121314517433,1.0037858799170032,0.0015563349171427245,1.0,26.81277074031891
1651.8020478284775,13.541280577798538,1.0310620601408633,1.0040951680132335,0.0015553118842855924,1.0,26.83360428830997
1651.8228813761766,13.540960881121162,1.0313657026349765,1.004359605268005,0.0015557219177940234,1.0,26.854437836009083
1651.8437149235835,13.54337520516093,1.0290748289235598,1.0020977716549955,0.0015591347486308593,1.0,26.87527138341602
1651.8645484708175,13.540131588393555,1.0321537677282067,1.0050652036878802,0.001555329115631973,1.0,26.896104930649926
1651.8853820177019,13.543292634928143,1.0291530930349613,1.0021128261207661,0.0015578428832074866,1.0,26.91693847753436
1651.9062155643535,13.541411888785873,1.030937369088184,1.0038199653851847,0.001558882700698827,1.0,26.93777202418596
1651.9270491107125,13.538590400839947,1.0336199361088798,1.0064018871715867,0.001554596853174112,1.0,26.958605570544933
1651.947882656783,13.540026270109045,1.0322538932800045,1.005042020110626,0.0015557172572027856,1.0,26.979439116615367
1651.968716202561,13.541332270930234,1.0310129712757792,1.003804308266823,0.0015557227373376697,1.0,27.0002726623934
1651.9895497481057,13.54026233490882,1.032029481200248,1.0047647160995685,0.0015555218355221417,1.0,27.021106207938146
1652.0103832933605,13.539158241719292,1.0330794934168566,1.005757936826366,0.0015535937591810336,1.0,27.04193975319299
1652.0312168383243,13.541202518873439,1.0311361909371135,1.0038372887371292,0.0015557901944762628,1.0,27.0627732981568
1652.052050382938,13.540665712832958,1.0316461278727724,1.004305231760239,0.001555476027544363,1.0,27.08360684277045
1652.09371747141,13.538944279242191,1.0332830990696424,1.0058425243401217,0.0015537484059994703,1.0,27.12527393124242
1652.1145510151791,13.543084252283096,1.0293506347805716,1.0019868432110695,0.0015593547900504094,1.0,27.146107475011604
1652.1978851872625,13.543126664836942,1.0293104256244807,1.0018397581529295,0.0015599151791273278,1.0,27.229441647094973
1652.3020528954025,13.539199550389943,1.0330401889075753,1.0053406288732825,0.0015541057893950566,1.0,27.333609355235012
